95436507
95439524
95441298
95442033
95442623
95442934
95447675
95448626
95449670
95449747
95450487
95453105
95454462
95456827
95457030
95457235
95459223
95463597
95467951
95469034
95474341
95476693
95476918
95477894
95486453
95487591
95489076
95492844
95494377
95498549
95501339
95503031
95506774
95516228
95519624
95525142
95525670
95526054
95527290
95530643
95534142
95539411
95547563
95548384
95556454
95556505
95560306
95568892
95578234
95584472
95585405
95588319
95591017
95595193
95596402
95598561
95602652
95603175
95603227
95606628
95607098
95608197
95609825
95610247
95615893
95625415
95625861
95626098
95627155
95628424
95633671
95636150
95636961
95644768
95645394
95646958
95648271
95649320
95649530
95650672
95651138
95654092
95654098
95659630
95662913
95665456
95666173
95671450
95672479
95678234
95678691
95692035
95700441
95702711
95703134
95704428
95705168
95707117
95713441
95719918
95730313
95733290
95735124
95740235
95742911
95743822
95744471
95744961
95746375
95746570
95748323
95750385
95751524
95755935
95756542
95763162
95764187
95765303
95775030
95776868
95780491
95784485
95791243
95792990
95794610
95795912
95796319
95797923
95798653
95799179
95800682
95802409
95802715
95823267
95823323
95824900
95825016
95827889
95839122
95839857
95840935
95841249
95844308
95846391
95849198
95850068
95850443
95850624
95856222
95857377
95857496
95857612
95865213
95865971
95867293
95867681
95869785
95869881
95870255
95871327
95874176
95874424
95876869
95877561
95880884
95883439
95884630
95885573
95886234
95886678
95888165
95892225
95895441
95896008
95896214
95899440
95901994
95902475
95905274
95906180
95906423
95907538
95908619
95911626
95914421
95915071
95918418
95918428
95920890
95930369
95933691
95939540
95945009
95949373
95959459
95959917
95960162
95963089
95968384
95970290
95971176
95972200
95972338
95974780
95980736
95981946
95981990
95982192
95983958
95985025
95986287
95986780
95989549
95991005
95999133
95999595
96001629
96002450
96003172
96003256
96006752
96008476
96009467
96009684
96011991
96015371
96015670
96016803
96016866
96019414
96021200
96021470
96023569
96025359
96026346
96026578
96027971
96030104
96031294
96032338
96037546
96039351
96040252
96040585
96040653
96042423
96042459
96043062
96043218
96044738
96045603
96046339
96047503
96049500
96052889
96055456
96057521
96058182
96058274
96062041
96063910
96064572
96065598
96065826
96065897
96066904
96068014
96069673
96069970
96072306
96072446
96075547
96076463
96078650
96079007
96079361
96081501
96085865
96089341
96090088
96090444
96091811
96092729
96093995
96094672
96094728
96096007
96096112
96097037
96100058
96100920
96101764
96102009
96102208
96102607
96103374
96106959
96107538
96108781
96109574
96111568
96115071
96115929
96116443
96117656
96117820
96118462
96120055
96125870
96125970
96129568
96130370
96131347
96131387
96133011
96133641
96134163
96138409
96139189
96140595
96143262
96144493
96144659
96145940
96146062
96146226
96146589
96146941
96149064
96152884
96155453
96156761
96157055
96157587
96158438
96159569
96160406
96160760
96162023
96162819
96163832
96164820
96166834
96172497
96175347
96175538
96177582
96177738
96178908
96179423
96179538
96179863
96180138
96181125
96182488
96182835
96185749
96188118
96191391
96191511
96191770
96192526
96192574
96193022
96193990
96200078
96203288
96204601
96206968
96207939
96214090
96218472
96218598
96219666
96223027
96224060
96233681
96235151
96235264
96235515
96235950
96238998
96239300
96239755
96242893
96245283
96245505
96250153
96253478
96255497
96256603
96259012
96259300
96260631
96262967
96262987
96263404
96266404
96270887
96280477
96280850
96282050
96284252
96284551
96285465
96292010
96294712
96294909
96295272
96295660
96296019
96296078
96296186
96298749
96299228
96299586
96299621
96299702
96301178
96301771
96302932
96303111
96306410
96307147
96308993
96309678
96313483
96314079
96316322
96317110
96318592
96319683
96321248
96321486
96323629
96324360
96325716
96325940
96329821
96329946
96330580
96333631
96334158
96334684
96334939
96336347
96342875
96344770
96348070
96348524
96360482
96361051
96369691
96369932
96372855
96377446
96380018
96382950
96384482
96385598
96385724
96385732
96385849
96386247
96387434
96388925
96399284
96401995
96402260
96402501
96403035
96403069
96404226
96407520
96409466
96411140
96413136
96416716
96418581
96419725
96422880
96424710
96425751
96430103
96432325
96433327
96434964
96437626
96441365
96443712
96448828
96449383
96450176
96451132
96451752
96452048
96452241
96459100
96461577
96470618
96472593
96472851
96473199
96473505
96474602
96475008
96476125
96476350
96481517
96481532
96483908
96484879
96485158
96485487
96485901
96486554
96487074
96487393
96489008
96489153
96490724
96492399
96494606
96495153
96495649
96496987
96499324
96499981
96506998
96508049
96508347
96508491
96509019
96511770
96519312
96528383
96528549
96529711
96532409
96533371
96537396
96538378
96538523
96539913
96542805
96545719
96547116
96552857
96553938
96555841
96556299
96560649
96561716
96561718
96564692
96564883
96569457
96569652
96569909
96578565
96579707
96579960
96580170
96580358
96581926
96582068
96582822
96583731
