95434586
95435074
95435529
95436610
95437146
95437195
95437479
95437502
95437962
95438119
95438722
95438743
95438810
95439178
95439274
95439352
95439747
95440079
95440457
95441870
95442528
95442618
95443377
95443433
95443545
95443606
95443653
95444749
95444752
95444792
95445057
95445206
95445784
95445826
95445827
95446034
95446546
95446843
95446929
95447477
95447483
95448077
95449001
95449105
95449285
95449602
95449651
95450462
95451819
95452240
95452597
95454339
95454694
95454714
95455515
95456638
95456811
95457018
95457136
95457823
95457954
95458063
95458149
95460018
95460056
95460099
95460698
95461128
95461872
95462525
95462635
95464315
95464410
95464441
95464611
95464639
95465093
95465543
95465712
95465931
95466203
95466303
95466430
95466963
95467301
95467899
95468018
95468261
95468407
95468408
95468442
95468557
95468852
95469125
95469131
95469249
95469652
95469741
95469819
95469841
95469990
95470039
95470049
95470067
95470197
95470244
95470357
95470583
95471463
95472040
95472045
95472085
95472104
95472116
95472194
95472258
95472818
95473000
95473026
95473084
95473225
95474092
95474440
95474549
95474650
95475035
95475109
95475139
95475220
95475693
95475817
95475819
95475820
95475824
95475826
95475873
95475926
95476448
95477602
95477628
95477672
95477725
95477779
95478224
95478233
95478234
95478238
95478239
95478244
95478264
95478471
95478641
95478642
95478648
95478807
95478827
95478948
95479099
95479138
95479242
95479475
95479596
95479945
95480065
95480322
95480400
95480420
95480967
95481401
95481579
95481621
95481684
95481715
95481908
95481912
95482132
95482388
95482445
95482511
95482648
95482734
95482767
95483195
95483211
95483420
95483713
95483730
95483879
95484488
95484655
95484674
95484862
95484909
95485087
95485229
95485404
95485526
95486147
95486211
95486883
95486895
95487004
95487022
95487038
95487144
95487253
95487324
95487595
95487848
95488124
95488503
95488709
95488889
95489217
95489346
95489368
95489519
95489587
95490091
95490141
95490387
95490505
95490682
95490696
95490773
95491263
95491316
95491359
95491646
95492056
95492062
95492102
95492142
95492288
95492351
95492457
95492681
95492773
95492920
95493029
95493600
95493859
95494074
95494078
95494455
95494479
95494512
95494698
95494704
95494812
95494825
95494850
95494987
95495051
95495398
95495435
95496109
95496535
95497220
95497274
95497366
95497620
95498412
95498952
95498962
95498992
95499031
95499588
95499605
95500074
95501284
95501569
95502144
95502264
95502466
95503102
95504413
95504953
95505738
95506318
95506402
95506490
95506619
95506798
95506877
95506929
95506965
95507727
95508105
95508647
95508846
95508965
95509002
95509065
95509144
95509295
95509340
95509487
95510634
95510973
95511079
95511349
95511478
95511630
95511640
95511719
95512299
95512715
95514115
95514448
95514519
95514570
95514832
95515219
95515231
95515307
95517284
95517873
95518337
95518369
95518503
95518899
95519505
95519541
95520242
95520506
95520709
95520768
95521744
95522016
95522017
95522047
95523308
95524374
95524701
95524843
95524967
95524995
95525032
95525039
95525117
95525294
95525301
95525333
95525467
95525603
95525771
95526334
95526697
95527221
95527225
95527404
95527488
95527492
95527493
95527509
95527634
95527739
95527778
95527801
95528301
95528760
95529172
95529446
95529482
95529484
95529842
95529868
95529951
95530528
95530679
95530775
95530921
95531025
95531057
95531164
95531462
95531875
95532258
95532268
95532764
95532916
95532923
95532962
95533520
95533832
95534348
95534760
95534767
95535318
95535413
95535443
95536017
95536032
95536070
95536088
95536246
95536259
95536385
95536803
95536951
95537365
95537494
95537650
95537904
95538259
95538880
95538980
95538995
95539200
95539693
95539826
95539885
95540804
95540910
95541758
95541838
95541973
95542115
95542901
95542920
95544079
95544311
95544788
95545182
95545258
95545553
95545831
95546006
95546247
95547426
95547719
95547973
95548176
95548233
95548911
95549397
95550052
95550536
95550710
95551020
95551249
95551490
95551611
95551682
95551776
95551869
95551903
95552569
95553887
95554212
95555407
95556687
95557110
95557309
95557421
95557425
95557445
95557522
95557864
95558234
95558270
95558341
95558755
95559425
95560838
95561044
95561203
95561284
95561324
95561839
95562379
95562498
95563197
95563546
95563611
95563760
95564005
95564502
95564666
95566622
95567388
95567713
95567794
95568477
95570020
95570209
95570333
95570486
95570891
95571215
95571783
95572044
95572669
95572960
95573254
95573330
95573386
95573413
95573902
95574026
95574847
95575012
95575092
95576146
95576787
95577062
95577229
95577329
95577517
95579611
95579888
95579916
95580342
95581088
95582213
95582476
95582500
95583173
95583235
95583906
95585161
95585422
95585482
95585619
95586171
95586610
95586633
95586680
95587052
95588800
95588902
95588905
95589140
95590322
95590324
95590454
95591956
95592063
95592396
95592670
95592715
95592752
95593035
95593106
95593226
95593511
95593711
95593811
95594064
95594283
95594479
95594679
95594690
95595144
95595581
95595608
95595620
95595635
95595724
95595910
95597087
95597284
95597350
95597384
95597883
95598104
95598142
95598149
95598162
95598842
95598856
95598898
95599650
95600046
95600310
95600721
95601323
95602538
95602622
95603638
95603653
95604314
95604319
95604510
95605574
95606101
95607686
95607705
95608902
95609426
95609896
95610201
95611215
95613729
95614083
95614831
95616000
95616590
95616718
95616757
95616883
95617013
95617122
95617205
95617590
95617591
95618449
95619412
95619842
95619911
95620036
95620074
95620190
95620213
95620239
95620611
95621053
95621099
95621637
95621676
95621789
95621801
95621969
95622158
95622422
95622442
95622808
95622912
95623314
95623626
95623703
95624058
95624109
95624347
95624449
95624506
95624603
95624624
95624992
95625104
95625572
95625574
95625677
95625719
95625926
95625976
95626176
95626184
95626454
95627339
95627721
95628017
95628364
95628544
95628633
95628721
95628787
95630909
95631244
95631409
95631746
95631827
95632274
95632617
95632814
95633077
95633150
95633167
95633175
95633301
95633364
95633560
95633846
95633927
95634247
95634251
95634264
95634485
95634607
95634695
95634919
95635451
95636070
95636121
95636998
95637980
95638004
95638019
95638062
95638527
95638857
95639144
95639201
95639303
95639944
95640011
95640072
95640227
95640382
95640486
95640997
95642311
95642457
95642510
95642897
95642969
95643392
95643759
95644050
95644497
95644512
95644865
95644945
95644947
95644962
95644972
95645107
95645563
95645953
95646595
95647841
95647958
95648464
95649367
95649586
95650026
95652409
95652529
95652549
95652837
95653070
95653268
95653847
95653877
95653897
95653975
95654126
95654338
95654584
95654866
95654901
95655368
95655626
95656265
95656711
95657086
95657195
95657723
95657810
95658283
95658686
95658982
95660389
95660491
95660725
95661644
95662026
95662284
95663028
95663111
95663414
95663664
95663831
95663917
95664837
95665042
95665215
95665284
95666106
95666113
95666642
95667446
95668687
95669673
95669678
95670340
95670644
95670883
95670965
95671129
95671272
95671350
95671441
95671583
95672141
95672338
95672359
95672457
95672540
95672923
95673067
95673263
95673292
95673658
95675069
95675290
95675366
95675615
95675765
95676380
95676926
95677027
95677651
95678663
95678993
95679533
95680037
95680477
95680724
95681163
95682186
95683054
95683132
95683522
95683606
95683825
95684493
95684534
95685836
95686107
95687208
95687561
95687587
95687589
95688036
95688105
95688127
95688320
95688347
95688937
95688984
95689082
95689108
95689348
95689694
95689861
95689908
95689919
95690157
95690295
95690306
95690389
95690464
95690525
95691014
95691805
95692013
95692402
95692644
95693309
95694215
95694563
95696095
95696541
95696634
95696798
95697158
95697294
95697422
95697766
95697914
95698743
95698967
95699313
95699630
95699968
95700320
95702911
95703123
95703294
95704455
95705101
95705109
95705113
95705126
95705133
95705139
95705140
95705158
95705219
95705447
95705701
95705779
95705920
95705951
95706161
95706675
95706966
95707087
95707121
95707318
95707344
95707520
95707882
95708653
95709041
95709080
95709181
95709921
95709968
95710089
95710343
95710800
95711171
95711298
95711329
95711511
95711669
95712174
95712199
95712323
95712394
95712431
95712515
95712831
95713113
95713305
95713341
95713876
95713930
95714553
95714603
95714646
95714850
95714902
95714976
95715122
95715884
95716161
95716621
95717013
95717696
95717888
95718632
95718891
95719549
95719674
95719684
95720690
95720834
95721239
95722644
95722901
95723029
95723532
95723706
95724182
95724308
95724802
95725256
95725345
95725607
95726229
95726279
95726586
95726616
95727287
95727333
95728520
95728598
95728927
95730189
95730849
95731299
95731672
95732483
95732645
95732795
95733652
95733991
95735417
95735893
95736582
95737017
95737097
95737275
95737450
95737645
95737698
95738001
95738086
95738193
95738318
95738534
95739597
95740594
95740839
95740946
95741480
95741976
95742198
95742233
95742477
95744204
95745266
95745383
95745542
95745931
95746436
95746631
95747366
95747639
95747703
95747995
95748665
95748668
95748878
95748902
95749975
95750098
95751100
95751356
95751367
95752801
95753301
95753484
95753494
95753698
95753749
95753871
95755178
95755445
95755777
95756064
95756237
95756416
95756479
95757126
95757317
95757941
95760855
95761176
95761181
95761214
95761375
95761381
95761452
95761463
95761506
95761529
95761570
95761612
95761670
95761888
95761953
95763013
95763608
95763779
95764435
95765334
95765890
95765940
95765984
95765985
95766116
95766225
95766362
95766410
95766411
95766438
95766501
95766517
95766544
95766678
95766788
95766810
95766815
95766942
95766943
95767011
95767041
95767044
95767183
95767210
95767222
95767292
95767344
95767364
95767544
95767608
95767651
95767717
95767781
95767818
95768025
95768142
95768300
95768402
95768507
95768624
95768756
95768972
95769687
95770188
95770223
95770471
95771013
95771241
95771296
95772710
95773168
95773281
95773509
95774513
95774523
95775267
95776388
95776551
95776895
95777138
95777171
95777247
95777259
95777703
95777840
95778456
95778476
95778857
95778903
95779270
95779281
95779449
95779545
95780729
95780937
95781086
95781243
95781729
95781779
95782292
95782357
95782513
95782646
95782768
95783107
95784106
95784228
95784317
95784348
95784548
95785184
95785230
95785418
95785618
95785621
95785637
95785734
95785806
95786953
95787552
95787953
95788040
95788385
95789432
95789492
95789606
95789858
95790260
95790322
95792145
95792259
95792374
95792470
95792506
95793497
95794347
95794466
95795152
95795587
95795781
95795935
95796205
95796724
95797592
95798823
95798955
95798974
95799281
95799491
95799642
95800478
95801103
95801400
95801804
95801891
95801953
95802315
95802366
95802390
95802778
95802877
95803904
95804260
95804400
95805177
95805247
95805367
95805544
95805553
95806194
95806208
95806352
95806576
95807272
95807276
95807607
95807657
95807717
95807792
95807888
95807948
95807967
95807985
95807998
95808003
95808039
95808040
95808125
95808150
95808295
95809050
95809064
95810099
95810384
95810984
95811527
95811540
95811587
95811644
95812137
95812261
95812497
95813402
95813735
95814118
95814344
95815031
95815400
95816689
95817766
95818025
95818239
95818297
95818705
95819777
95819970
95820133
95821012
95821041
95821081
95821750
95822453
95822943
95823255
95823309
95824112
95824867
95824923
95826090
95826148
95826639
95826676
95827236
95827310
95827584
95828257
95828347
95828581
95829275
95829372
95829454
95830704
95830968
95830970
95831076
95831083
95831198
95832055
95832156
95832279
95832850
95833104
95833981
95834611
95834760
95835819
95836211
95836395
95836847
95837234
95837475
95837593
95838268
95838311
95838365
95839323
95839419
95840806
95840815
95841338
95841749
95843259
95844808
95844873
95845783
95845825
95845938
95846097
95846585
95847580
95848464
95848815
95849444
95850419
95850424
95850564
95850649
95850773
95850868
95851032
95851776
95851806
95852123
95852180
95852208
95852221
95852260
95852287
95852362
95852588
95852668
95853271
95853368
95853393
95853985
95854345
95854981
95855440
95855485
95855820
95855975
95856232
95856436
95856636
95856717
95856903
95857082
95857173
95857381
95857382
95857385
95857387
95857392
95857393
95857403
95857410
95857411
95857416
95857417
95857423
95857435
95857450
95857490
95857646
95857988
95858121
95858126
95858152
95858350
95858572
95858730
95858752
95858801
95858816
95858959
95859017
95859332
95859436
95859549
95860845
95861054
95861645
95861794
95861974
95862475
95862757
95862837
95862839
95863006
95863298
95863310
95863530
95863723
95863890
95863937
95864003
95865212
95865258
95865526
95865555
95865656
95865723
95865828
95866020
95866178
95866342
95866570
95866709
95866831
95866995
95867647
95867906
95867980
95868067
95868642
95869200
95869294
95869356
95869580
95869631
95869641
95869686
95869801
95869838
95869939
95870003
95870032
95870042
95870095
95870143
95870304
95870324
95870334
95870429
95870593
95870819
95871187
95871508
95871836
95871979
95872900
95873067
95873442
95873590
95873819
95874332
95874339
95874580
95874791
95875159
95876929
95877066
95877158
95877417
95877479
95878258
95878498
95878645
95878669
95880522
95881864
95883170
95883236
95884018
95884588
95884593
95884949
95885817
95886215
95886372
95886523
95887335
95887418
95889197
95889563
95890724
95891107
95891111
95891578
95891725
95891936
95892310
95892896
95893157
95893656
95893910
95894342
95894498
95894618
95895222
95896404
95896591
95896812
95900975
95901189
95902083
95902431
95902632
95903081
95903743
95904765
95904946
95906082
95906332
95906761
95907205
95907786
95907794
95908062
95908704
95909744
95909747
95911151
95912287
95912291
95912292
95912385
95912855
95913921
95914327
95915051
95915707
95916518
95916600
95916662
95916716
95917259
95917439
95917736
95918305
95918715
95919081
95919150
95919986
95920142
95920249
95920551
95922090
95923125
95923472
95923487
95923815
95924039
95924190
95924240
95924756
95924927
95924959
95925124
95925312
95925537
95925925
95926284
95926837
95927294
95928070
95928243
95928244
95928272
95928281
95929271
95929411
95929918
95929954
95930141
95930184
95930350
95930392
95930463
95930636
95930820
95931240
95931337
95931411
95931433
95931977
95932058
95932140
95932282
95932428
95932572
95932733
95934175
95934542
95934878
95934956
95935520
95936551
95937000
95937051
95937086
95937087
95937091
95937096
95937378
95937909
95938457
95938462
95938570
95938580
95938587
95939062
95939881
95939899
95940305
95940377
95940408
95940460
95940499
95940739
95941011
95941919
95942044
95942530
95942636
95942735
95943155
95943559
95943717
95943873
95944005
95944449
95944600
95945120
95945241
95945419
95945923
95946606
95946933
95947036
95947312
95947667
95947876
95948136
95948174
95948241
95948354
95948601
95948923
95949126
95950010
95950067
95950112
95950118
95950189
95950282
95950483
95950522
95950551
95950556
95950657
95950704
95951032
95951128
95951191
95951227
95951274
95951404
95951712
95951713
95951767
95951926
95951967
95952049
95952076
95952290
95952371
95952476
95952495
95952548
95952663
95953073
95953228
95953552
95955270
95955829
95956076
95956209
95956500
95957204
95957472
95957622
95957839
95958060
95958249
95958335
95958578
95958881
95959104
95959479
95959528
95959559
95959654
95959670
95959678
95959694
95959734
95959895
95960289
95960340
95960556
95960991
95961211
95961618
95962217
95962298
95962302
95962377
95962951
95963022
95963307
95963329
95963437
95963451
95963472
95963633
95964459
95964517
95964616
95964619
95964824
95964837
95965283
95965609
95965951
95965992
95966069
95966116
95966144
95966233
95966283
95967022
95967743
95967887
95968612
95969286
95969346
95969749
95969882
95970353
95970404
95970541
95970550
95970599
95970875
95970920
95971144
95971360
95971491
95971518
95972387
95972644
95972717
95972747
95972958
95973179
95973260
95974399
95974738
95974936
95975169
95976232
95976385
95976580
95976671
95976749
95977213
95977355
95977497
95977824
95977861
95978118
95978398
95978992
95979152
95979657
95979738
95979989
95980074
95980468
95980519
95980572
95980592
95980601
95980619
95980628
95980656
95980741
95980744
95980752
95980764
95980786
95980807
95980828
95980847
95980859
95980915
95980950
95981159
95981242
95981594
95981638
95982555
95982978
95983678
95984392
95984421
95985660
95985690
95985763
95985828
95985837
95986336
95986634
95986810
95986933
95987073
95987180
95987434
95988578
95988632
95988883
95988895
95989036
95989930
95989991
95990276
95990744
95991326
95991640
95992091
95992823
95992862
95992948
95994876
95995594
95997825
95997994
95998265
95998393
95998479
95999269
95999830
95999942
96000109
96000407
96000429
96000756
96000884
96001034
96001230
96001299
96001391
96001931
96002027
96002145
96002201
96002210
96002314
96002327
96002378
96002785
96002895
96003122
96003599
96003677
96004015
96004183
96004226
96004768
96005076
96005103
96005629
96006078
96006210
96006231
96006853
96007011
96007043
96007234
96008054
96008067
96008288
96008415
96008520
96009145
96009160
96009192
96009209
96009260
96009282
96010519
96010615
96010636
96010671
96010866
96011062
96011287
96011551
96011606
96011632
96011880
96011975
96012332
96012514
96012619
96012787
96012879
96012989
96013444
96013575
96013638
96013688
96013741
96013854
96014356
96014404
96014517
96014588
96014629
96015089
96015506
96015609
96015703
96015970
96016069
96016160
96016571
96016650
96016656
96016716
96016725
96017136
96017393
96017445
96017585
96017673
96018010
96018014
96018179
96018258
96018473
96018876
96019119
96020106
96020918
96020965
96020992
96021062
96021495
96021954
96022226
96022406
96023043
96023176
96023210
96023302
96023332
96023881
96023890
96023893
96023931
96024034
96024327
96024425
96024494
96024678
96025312
96025367
96025370
96025766
96025967
96026300
96026657
96026777
96027502
96028513
96029859
96030212
96030333
96030397
96030744
96030989
96031326
96032018
96032356
96032601
96032608
96032702
96033026
96033065
96033137
96033148
96033227
96033470
96033615
96033629
96034178
96034421
96034614
96036338
96037052
96037565
96038010
96038284
96038567
96038865
96039595
96040639
96040658
96040659
96040718
96040895
96040910
96041004
96042983
96044188
96044651
96044662
96044705
96045219
96045224
96045447
96045561
96045762
96046071
96046445
96046550
96046944
96047256
96047449
96047679
96047979
96048775
96049191
96049856
96050146
96050196
96052232
96053254
96053328
96053952
96054418
96054451
96054934
96055242
96055888
96056088
96056681
96057079
96057472
96057870
96057989
96058562
96060210
96060786
96060941
96061660
96061714
96062088
96062138
96062253
96062715
96063607
96065224
96065915
96066208
96066436
96066866
96066959
96067319
96067344
96068673
96069165
96069310
96070328
96070913
96071551
96071884
96071966
96072677
96073701
96074211
96074580
96074616
96075083
96075642
96075652
96076251
96076254
96076460
96076947
96077137
96078483
96078698
96078744
96079091
96079646
96079769
96079914
96080271
96080496
96081390
96082119
96082457
96082530
96082533
96082866
96083096
96084016
96084717
96085040
96086356
96086687
96087058
96087160
96087344
96087416
96087733
96088631
96089514
96089870
96090363
96091384
96091430
96091464
96091847
96092143
96092593
96092850
96093493
96094260
96095736
96096145
96096445
96097546
96098161
96098484
96098658
96101120
96101474
96101959
96102708
96103246
96103906
96104285
96106224
96107025
96107177
96107240
96107305
96107434
96107529
96109096
96109413
96109528
96109643
96110319
96110466
96110599
96112634
96112741
96112811
96113332
96114487
96114685
96115668
96116331
96116383
96117251
96117852
96117862
96118574
96118783
96119349
96120961
96121275
96121310
96121355
96121375
96121844
96122448
96123390
96123532
96123693
96124383
96125584
96127648
96128140
96129796
96130203
96130698
96130723
96130892
96132379
96132607
96132918
96132975
96133677
96133841
96133867
96134438
96135050
96135227
96135465
96135531
96135606
96136042
96136866
96138921
96139352
96139575
96141113
96142485
96142880
96143000
96143065
96143357
96143873
96144522
96145245
96145325
96145644
96145739
96145773
96146095
96146697
96147696
96148734
96149371
96149540
96150453
96151482
96151615
96152019
96152179
96152532
96152773
96152788
96153759
96154219
96154630
96155475
96155576
96156034
96156835
96157272
96157479
96158096
96158655
96158705
96160094
96160346
96161109
96161116
96162352
96162434
96162674
96163472
96164390
96164600
96165031
96165136
96165723
96165764
96166215
96166271
96166604
96167417
96169982
96171052
96173108
96173519
96173549
96173648
96173769
96174033
96175408
96175457
96175511
96176028
96176274
96176599
96176646
96177064
96177874
96178469
96178634
96179678
96179724
96179788
96179809
96180188
96180376
96182478
96184043
96184390
96184845
96184920
96185287
96185335
96185361
96186510
96186755
96186978
96188186
96189661
96189886
96189923
96190058
96191192
96192237
96192634
96194472
96194582
96194696
96194831
96194985
96195220
96195503
96195573
96195621
96196271
96196272
96196298
96196302
96196850
96196911
96197115
96197336
96197352
96197357
96197390
96197742
96197792
96198001
96198196
96198209
96198224
96198525
96198819
96198939
96198998
96199130
96199168
96199402
96199513
96199551
96199553
96199560
96199585
96199629
96199630
96199634
96199637
96199659
96199672
96199724
96199820
96199857
96200055
96200066
96200215
96200264
96200286
96200290
96200300
96200630
96200790
96200973
96201147
96201577
96201673
96202000
96202040
96202110
96202114
96202166
96202320
96202530
96202551
96202613
96202782
96203396
96204098
96204414
96205638
96205642
96205954
96206431
96206450
96206460
96206649
96206702
96207008
96207174
96207225
96207593
96208114
96208143
96208276
96208359
96208360
96209376
96209475
96209698
96210160
96210399
96210627
96210661
96211038
96211051
96211077
96211317
96211460
96211762
96212112
96212295
96212469
96213242
96213315
96213724
96213874
96213990
96214069
96214165
96214468
96214513
96214834
96215160
96216022
96216169
96216704
96216816
96217002
96217103
96217174
96217181
96217195
96217381
96217454
96218057
96218432
96218557
96218614
96218678
96218699
96218810
96218825
96218958
96218981
96219144
96219223
96219350
96219913
96219917
96220176
96220624
96220673
96220962
96220991
96221355
96221518
96221923
96222124
96222691
96222708
96223011
96223209
96223861
96223967
96224039
96224064
96225043
96225515
96225671
96225674
96225752
96226906
96227258
96227506
96227724
96228088
96228406
96228431
96228630
96229678
96229837
96230332
96230613
96231307
96231887
96231994
96232975
96233019
96233049
96233151
96233188
96233292
96233319
96233335
96233349
96233421
96233570
96233697
96233879
96234248
96234364
96234396
96234615
96234793
96234901
96235079
96235177
96235199
96235214
96235232
96235237
96235252
96235259
96235368
96235421
96235427
96235546
96235689
96235994
96235995
96236023
96236025
96236055
96236118
96236372
96236397
96236402
96236745
96236889
96237177
96237220
96237243
96237406
96237726
96238025
96238224
96238502
96238686
96238765
96239020
96239054
96239331
96239349
96239354
96239625
96239934
96240057
96240691
96240799
96240903
96240906
96240969
96241016
96241119
96241419
96241554
96241663
96241670
96241694
96242075
96242135
96242185
96242320
96242336
96242398
96242639
96242791
96242920
96242922
96242929
96243036
96243086
96243127
96243183
96243387
96243454
96243659
96243675
96243961
96243988
96244104
96244547
96244854
96244887
96245564
96245618
96245659
96245787
96245954
96246024
96246372
96246399
96246560
96246796
96247088
96247122
96247596
96247622
96247769
96247862
96247986
96248081
96248247
96248300
96248368
96248407
96248773
96248969
96249035
96249310
96249351
96249499
96249558
96249577
96249681
96249732
96249897
96250072
96250075
96250307
96250335
96250448
96250455
96250484
96250488
96250565
96250623
96250700
96250728
96250850
96250890
96250911
96251008
96251282
96251368
96251524
96252257
96252498
96252742
96252960
96253204
96253415
96253981
96254190
96254354
96254365
96254520
96254623
96254663
96254672
96254909
96255419
96255713
96255803
96255804
96255901
96255909
96255952
96256033
96256128
96256326
96256351
96256383
96256413
96256567
96256824
96256868
96256989
96257035
96257050
96257065
96257710
96257767
96257825
96257921
96257940
96258033
96258174
96258188
96258217
96258315
96258506
96258651
96258744
96258746
96258780
96258967
96259087
96259226
96259251
96259365
96259425
96259475
96259525
96259599
96259637
96259667
96259706
96259713
96259781
96259879
96259985
96260065
96260307
96260464
96260498
96260664
96260717
96260957
96260993
96261268
96261462
96261481
96261621
96261834
96261855
96262061
96262209
96262371
96262406
96262693
96262960
96263439
96263440
96263604
96263741
96264214
96264584
96265314
96265537
96265595
96265721
96265759
96265762
96265771
96265867
96265888
96266114
96266255
96266492
96266500
96266561
96266621
96266632
96267121
96267537
96267679
96267682
96267913
96268063
96268177
96268219
96268261
96268451
96268800
96269005
96269752
96269819
96269883
96270126
96270241
96270679
96271356
96271776
96272079
96272135
96272355
96273143
96273617
96273732
96273878
96273895
96274324
96274813
96274932
96275428
96275523
96276327
96276485
96276519
96276961
96277022
96277036
96277045
96277150
96277379
96277948
96278035
96278065
96278411
96278498
96278550
96278693
96278870
96279206
96279464
96279605
96279670
96280186
96280453
96280752
96281209
96281881
96282487
96283164
96283411
96283589
96283678
96284360
96284703
96284846
96284980
96285029
96285278
96285376
96285399
96285406
96285412
96285413
96285415
96285430
96285436
96285444
96285451
96285455
96285460
96285573
96285596
96285624
96285628
96285917
96286745
96287099
96287764
96288198
96288204
96288806
96290045
96290079
96290554
96291434
96291453
96291720
96291763
96292124
96292132
96292527
96292744
96292888
96292968
96293006
96293537
96293803
96294006
96294635
96294880
96294927
96294991
96295024
96295234
96295624
96295687
96295931
96296175
96296244
96297392
96297851
96298529
96298547
96298628
96298743
96299129
96299649
96300023
96300064
96300097
96300467
96300542
96300642
96300671
96301327
96301689
96301837
96301879
96301912
96301965
96302418
96302676
96302820
96302991
96303202
96303356
96303725
96303778
96303801
96304264
96304451
96304680
96305703
96306107
96306222
96306381
96306497
96306665
96306798
96306877
96307271
96307407
96307611
96308038
96308198
96308264
96308527
96308554
96308750
96308759
96308899
96309139
96309536
96309663
96309675
96309703
96309812
96309864
96309872
96310184
96310282
96310962
96311071
96311076
96311118
96311467
96311978
96311980
96312942
96313413
96313534
96313621
96313640
96313726
96313805
96314007
96314008
96314109
96314159
96314397
96314598
96314645
96314831
96314958
96315610
96315697
96315746
96315910
96316138
96316228
96316255
96316270
96316561
96316899
96316903
96316968
96317049
96317067
96317295
96317396
96317471
96317534
96317551
96318299
96318411
96318521
96318796
96318878
96318982
96319090
96319713
96319761
96319793
96319798
96319914
96320540
96320677
96320901
96321247
96322137
96322159
96322193
96322338
96322483
96322592
96322879
96323062
96323957
96324104
96324763
96324851
96324890
96324904
96324936
96325039
96325091
96325333
96325537
96325783
96326095
96326120
96326348
96327376
96328117
96328418
96328528
96328862
96328961
96329253
96329890
96330052
96330563
96331868
96332158
96332179
96332485
96332812
96333653
96333753
96334666
96335194
96335322
96335515
96335803
96335929
96335972
96337062
96337457
96337495
96338048
96338550
96338634
96338810
96339210
96339507
96339684
96339802
96339891
96340104
96341016
96342184
96343772
96344018
96344196
96344200
96344202
96344213
96344224
96344248
96344320
96344325
96344336
96344512
96344543
96344700
96344776
96344815
96345121
96345364
96345490
96345559
96345780
96346119
96346158
96346227
96346365
96346435
96346506
96346555
96346563
96346892
96346900
96346993
96347044
96347141
96347244
96347976
96348048
96348108
96348730
96348944
96349043
96349399
96349611
96350050
96350433
96350477
96350551
96351371
96351590
96351732
96352093
96352101
96352332
96352369
96352413
96352551
96352693
96352717
96352738
96352754
96352772
96353037
96353113
96353131
96353151
96353205
96353235
96353970
96353988
96354639
96354767
96354923
96354946
96354972
96355222
96355397
96355507
96355621
96355637
96355699
96355701
96355704
96355707
96355734
96355745
96355781
96355961
96356188
96357019
96357042
96357132
96357249
96357344
96357446
96357511
96357775
96357826
96357927
96357944
96358026
96358568
96359069
96359252
96359259
96359272
96359283
96359364
96359408
96359513
96359522
96359558
96360018
96360146
96360295
96360715
96360914
96361248
96361414
96361490
96361570
96361634
96361639
96362521
96362657
96362912
96362987
96363958
96364137
96364158
96364409
96364428
96364606
96364736
96365597
96365668
96366012
96366373
96366651
96366653
96366741
96366932
96366987
96367040
96367043
96367262
96367337
96367759
96367937
96368339
96368373
96368473
96368704
96368927
96369153
96369165
96369245
96369386
96369640
96369784
96369796
96369973
96369987
96370020
96370297
96370604
96370633
96370650
96370731
96370818
96370913
96370941
96371260
96371325
96371791
96372199
96372370
96372396
96372522
96372739
96372937
96373084
96373120
96373426
96373757
96373809
96373879
96373913
96374053
96374126
96374480
96374559
96374876
96375795
96375927
96375949
96376063
96376181
96376193
96376220
96376225
96376531
96376722
96376929
96376938
96377174
96377259
96377314
96377664
96377704
96377734
96377790
96377848
96377864
96377920
96377929
96378069
96378763
96378854
96380372
96380610
96381170
96381271
96381379
96381644
96381777
96381803
96381814
96381828
96381919
96382106
96382246
96382247
96382334
96382663
96382824
96382856
96383077
96383108
96383171
96383235
96383524
96383716
96383821
96384006
96384047
96384143
96384416
96384537
96384669
96384723
96384941
96385328
96385473
96385817
96386633
96387259
96387317
96387332
96387476
96387482
96387830
96388326
96388545
96388601
96388688
96388732
96388854
96388938
96389017
96389180
96389902
96390018
96390113
96390350
96390478
96390638
96390721
96390828
96391009
96391212
96391225
96391239
96391351
96391581
96391890
96391995
96392276
96392362
96392555
96392840
96393068
96393098
96393291
96393388
96393583
96394491
96394633
96394745
96394926
96394952
96394985
96395169
96395251
96395299
96395377
96395463
96395477
96395517
96395634
96395975
96396483
96396493
96396539
96396556
96396741
96396872
96397164
96397612
96398502
96398819
96398869
96399002
96399027
96399049
96399052
96399230
96399400
96399403
96399405
96399490
96399516
96399539
96399589
96399598
96399743
96400045
96400115
96400120
96400230
96400481
96400727
96401053
96401687
96401937
96403194
96403622
96403784
96403903
96404316
96404559
96405005
96405263
96405542
96405607
96405744
96405851
96405949
96406508
96406710
96407303
96407726
96407780
96408008
96408494
96408669
96409068
96409109
96409141
96409242
96409260
96409287
96409355
96409418
96409689
96409729
96409752
96410049
96410112
96410352
96411205
96411253
96411288
96411516
96411548
96412398
96412652
96412776
96413051
96413648
96414033
96414182
96414367
96414376
96414756
96414821
96414926
96415682
96415795
96416472
96416500
96416862
96417055
96418345
96418395
96418490
96418548
96418779
96418943
96419176
96419277
96419349
96419582
96419731
96419960
96419991
96420208
96420378
96420391
96420393
96420394
96420675
96420685
96420815
96421220
96421564
96421614
96421631
96422079
96422726
96422944
96423062
96423129
96423502
96424130
96424307
96424562
96424652
96424722
96425008
96425269
96426055
96426097
96426108
96426110
96426124
96426125
96426154
96426189
96426703
96426759
96426797
96426846
96427481
96427766
96427771
96427843
96428148
96428223
96428397
96429316
96429349
96429350
96429625
96429684
96429778
96429929
96430032
96430092
96430388
96430470
96430556
96430601
96430902
96431130
96431241
96431558
96431586
96432174
96432472
96432914
96432918
96432973
96433313
96433435
96433762
96433764
96433843
96433921
96434044
96434110
96434527
96434613
96435045
96435323
96435331
96435421
96435601
96435677
96435749
96435791
96435857
96436842
96436981
96437243
96437514
96437557
96437639
96437670
96437873
96438177
96438251
96438586
96438670
96439152
96439189
96439396
96439642
96439852
96440020
96440036
96441147
96441534
96441723
96441814
96441876
96442263
96442623
96442973
96443116
96443289
96443362
96443852
96444317
96444548
96445401
96445627
96445685
96446045
96446613
96446841
96446971
96447074
96447104
96447111
96447368
96447400
96447475
96447518
96447562
96447582
96447591
96447793
96447823
96447974
96447986
96448055
96448304
96448832
96449156
96449462
96449772
96450184
96450278
96450802
96450972
96451047
96451118
96451533
96451885
96451898
96452074
96452420
96452492
96452496
96452502
96452512
96452806
96452828
96453352
96453359
96453413
96453711
96454093
96454613
96455389
96455439
96455693
96456788
96457493
96457796
96457925
96458181
96459421
96459484
96459870
96459951
96460388
96460649
96460950
96461179
96461435
96461680
96462172
96462657
96462740
96463120
96463185
96463533
96463931
96464501
96464612
96464614
96464721
96465079
96465683
96465786
96465967
96466107
96466141
96466876
96466944
96466958
96467057
96467191
96467234
96467572
96468063
96468260
96468386
96468397
96468455
96468468
96468809
96468918
96469523
96469712
96469827
96469908
96469944
96469947
96470938
96471064
96471214
96471775
96472034
96472567
96472656
96472688
96472795
96472810
96472900
96472994
96473008
96473035
96473065
96473135
96473626
96474058
96474356
96474487
96474626
96475025
96475185
96475252
96475493
96475624
96475772
96475849
96475977
96476429
96476547
96476581
96477066
96477188
96477612
96477654
96478263
96478646
96478679
96478750
96478776
96478881
96478932
96479026
96479035
96479715
96479805
96479980
96480527
96480849
96480860
96481005
96481012
96481423
96481917
96482192
96482276
96482429
96482561
96482663
96483178
96483197
96483624
96484605
96484827
96484918
96484951
96485041
96485337
96485724
96486066
96486110
96486159
96486224
96486348
96487269
96487688
96487894
96488399
96488517
96488561
96488724
96489118
96490078
96490415
96490675
96490782
96491239
96491405
96491925
96492001
96492340
96492629
96492707
96492717
96492777
96492850
96492854
96493019
96493223
96493607
96494604
96494712
96494988
96495401
96495711
96496340
96496377
96496799
96496812
96497578
96497701
96498171
96498204
96498227
96498324
96498438
96498593
96498700
96498793
96499273
96499834
96499955
96500238
96500675
96501038
96501100
96501311
96501317
96501478
96501608
96501674
96501969
96502068
96502327
96503006
96503338
96503376
96503391
96503693
96504048
96504088
96504129
96504231
96504264
96504445
96504489
96504502
96504505
96504714
96504717
96504746
96504848
96504906
96504919
96505033
96505153
96505486
96505502
96505728
96505766
96506121
96506251
96506392
96506749
96506867
96507080
96507206
96507518
96507605
96507720
96507724
96507905
96507945
96508145
96508294
96508328
96508440
96508479
96508550
96508977
96508990
96509096
96509412
96509491
96509549
96510224
96510485
96510539
96510696
96510734
96510839
96510929
96510984
96511004
96511017
96511151
96511439
96511454
96511922
96512029
96512114
96512325
96512392
96512537
96512624
96513107
96513249
96513420
96513514
96513565
96513803
96513970
96514294
96514812
96514847
96514921
96515010
96515028
96515118
96515336
96515742
96515811
96515823
96515913
96515939
96516156
96516217
96516239
96516259
96516260
96516264
96516283
96516346
96516350
96516412
96516536
96516627
96516838
96517070
96517137
96517170
96517348
96517403
96517489
96517595
96517731
96517733
96518062
96518663
96518672
96518679
96518686
96518689
96518694
96518703
96518708
96518748
96518754
96518933
96520102
96520595
96521431
96521482
96521933
96522182
96522229
96523222
96523252
96523355
96523942
96524251
96524253
96524269
96524727
96524902
96525066
96525281
96525505
96525703
96525790
96526199
96526350
96526507
96527042
96527128
96527251
96527319
96527492
96527737
96527901
96528006
96528065
96528231
96528696
96529323
96529673
96529903
96529953
96530123
96530186
96530214
96530227
96530279
96530299
96530318
96530330
96530589
96530737
96530885
96530965
96531537
96531631
96531650
96531786
96531806
96531821
96531956
96532129
96532410
96532418
96532492
96532876
96533322
96533597
96533726
96533755
96533831
96533986
96534449
96534601
96534660
96534679
96534686
96534857
96535317
96535336
96535967
96536131
96536490
96536604
96536677
96536788
96537047
96537051
96537521
96537724
96537726
96537923
96538011
96538369
96538398
96538570
96538588
96538603
96538792
96538793
96538800
96538829
96538900
96538957
96539024
96539044
96539124
96539126
96539128
96539136
96539254
96539335
96539393
96539416
96539608
96539653
96539747
96539851
96540044
96540084
96540423
96540443
96540503
96540529
96540549
96540570
96540754
96540832
96541056
96541086
96541550
96541644
96541727
96542079
96542574
96542641
96542917
96542928
96542939
96542993
96543028
96543041
96543247
96543271
96543500
96543533
96543555
96543572
96543592
96543897
96544530
96544553
96544584
96544588
96544717
96544719
96546116
96546860
96547061
96547128
96547159
96547188
96547192
96547207
96547309
96547321
96547657
96547919
96548263
96548280
96548410
96549120
96549129
96549135
96549138
96549169
96549172
96549195
96549248
96549300
96549370
96549390
96549497
96549523
96549539
96549567
96549610
96549638
96549669
96549804
96550074
96550087
96550252
96550542
96550649
96550791
96551126
96551531
96551585
96552000
96552042
96552145
96552239
96552363
96552480
96552793
96552891
96552899
96553320
96554186
96554416
96554422
96554524
96554674
96555297
96555541
96555629
96555788
96555825
96556028
96556575
96556811
96556839
96556906
96558010
96558525
96560664
96561986
96562223
96563414
96563422
96563470
96563888
96564319
96564327
96564527
96564630
96565027
96565241
96565362
96566304
96566506
96566930
96567180
96568354
96569473
96569957
96569974
96570162
96570213
96570282
96570399
96570565
96570650
96570704
96570729
96570817
96571034
96571058
96571129
96571134
96571302
96571663
96571743
96571765
96571782
96571784
96571804
96572122
96572152
96572235
96572254
96572454
96572655
96572745
96572835
96572986
96573057
96573081
96573378
96573413
96573432
96573537
96573539
96573885
96574001
96574189
96574537
96574626
96574736
96574737
96574987
96575321
96575787
96576143
96576289
96576308
96576586
96576602
96576738
96577858
96578065
96578073
96578676
96579177
96579454
96579509
96579758
96579785
96579805
96579821
96579967
96580078
96580095
96580136
96580166
96580448
96581069
96581533
96581662
96581904
96582019
96582535
96582943
96582965
96583183
96583206
96583278
96583307
96583477
96583651
96583725
96583762
96583820
96583868
