96584422
96585640
96588404
96590972
96592775
96595633
96597973
96599801
96601102
96601742
96603073
96603505
96606917
96608078
96609981
96611385
96612150
96613777
96613995
96615204
96615315
96615683
96615990
96617633
96620990
96621695
96624604
96629208
96631457
96631683
96632303
96632961
96633157
96634651
96634943
96635149
96635298
96635456
96635585
96635646
96635696
96635918
96636617
96637167
96639699
96644445
96644951
96645581
96646475
96648880
96649135
96649634
96649774
96650276
96652605
96654711
96655673
96658870
96666740
96673724
96674273
96675452
96678483
96680415
96680601
96680846
96685114
96686520
96686908
96690507
96691816
96694211
96695853
96699906
96700768
96703454
96705304
96705673
96709960
96710012
96713547
96718177
96718619
96720427
96720711
96721584
96723864
96726044
96729265
96730335
96733715
96737017
96738553
96740327
96740515
96741434
96742060
96743550
96746441
96746850
96748457
96748749
96749924
96750658
96752574
96753178
96755350
96756336
96756639
96756984
96757988
96759292
96761584
96761919
96762382
96763438
96764112
96764520
96769671
96770434
96770928
96772839
96774326
96775073
96775530
96777026
96777829
96780386
96781782
96781928
96782640
96782663
96783845
96784500
96786272
96786344
96789659
96789868
96790451
96791940
96793034
96793076
96793105
96798913
96800815
96802311
96804805
96806526
96811541
96818681
96819482
96832358
96834014
96836375
96836745
96838338
96838388
96840688
96841510
96842499
96844094
96850672
96851061
96852136
96852873
96853256
96853981
96854087
96858610
96860156
96860325
96860895
96860906
96861622
96863071
96863231
96865156
96865568
96867023
96867472
96868167
96869307
96871812
96872219
96872284
96873091
96873984
96875584
96882748
96883538
96883596
96883829
96885502
96885510
96886356
96886366
96887511
96887733
96888100
96888357
96888843
96889219
96891318
96891347
96892120
96892448
96893123
96893906
96894382
96896086
96897393
96901023
96902000
96904030
96905423
96910786
96912047
96912125
96912898
96914441
96914540
96915430
96917377
96917960
96920807
96922283
96922610
96925419
96925495
96925545
96925606
96925696
96927234
96929278
96931433
96931543
96932924
96933715
96935876
96936438
96936565
96937874
96938135
96938189
96939510
96941312
96941423
96943178
96943283
96943732
96943969
96946791
96950049
96952043
96953377
96953479
96953760
96954856
96956071
96956657
96956896
96957148
96959660
96959874
96961343
96962123
96963164
96964742
96965215
96965906
96966386
96968269
96969590
96969821
96969870
96970483
96972131
96974019
96975935
96978235
96978765
96979315
96979626
96980329
96980335
96980956
96983529
96984310
96987235
96988299
96988837
96990590
96990618
96992293
96992852
96994139
96994283
96995010
96995157
96995269
96995506
96996556
96996782
96998025
96998030
96999043
97000000
97000057
97001062
97001194
97002991
97003894
97004495
97004777
97005207
97005578
97006337
97008162
97009180
97009779
97010100
97010196
97010578
97010623
97011693
97011990
97014411
97015236
97018056
97018360
97018391
97020386
97020393
97023262
97025680
97030743
97031847
97032443
97032755
97034540
97038590
97041267
97041350
97042698
97044238
97044734
97045956
97046268
97046554
97047087
97047929
97049986
97050165
97051071
97051253
97051598
97051938
97053267
97053451
97054082
97055931
97056954
97057141
97057877
97059461
97059772
97060317
97060973
97062864
97062941
97063613
97064894
97065119
97065126
97065689
97066752
97067714
97067775
97069770
97070736
97070879
97071278
97071476
97071877
97072132
97072213
97073381
97074401
97074468
97075628
97076716
97078924
97081978
97082181
97082733
97082869
97083495
97083856
97084136
97085219
97085857
97090221
97093548
97093772
97095749
97097425
97098459
97099042
97104348
97105771
97105946
97108572
97109554
97109731
97110937
97111095
97115058
97115471
97117037
97117039
97117389
97118894
97120153
97120656
97121103
97122201
97122391
97122680
97124198
97124723
97127595
97128213
97131500
97131686
97132845
97132938
97133271
97133466
97133889
97134361
97135690
97136343
97136765
97140307
97142400
97146325
97146629
97146645
97146727
97147845
97149848
97151725
97152173
97152198
97152220
97152294
97152302
97152351
97152555
97152961
97153978
97154333
97155510
97155983
97156549
97157442
97158902
97159924
97159981
97160707
97160769
97160810
97161518
97162244
97162616
97163347
97163974
97164584
97166793
97167470
97167843
97167958
97169961
97170235
97170672
97171827
97172122
97172741
97172988
97173603
97173736
97174112
97175029
97177622
97178820
97179738
97180678
97180814
97180941
97180948
97180988
97181852
97183466
97183802
97185965
97186446
97187478
97187736
97188518
97189193
97189395
97190772
97191767
97193177
97193238
97193263
97193290
97193504
97193963
97194322
97194571
97197307
97197681
97197984
97198775
97198781
97199029
97199864
97200294
97200300
97200978
97201952
97202339
97202664
97204124
97204842
97204887
97204990
97205536
97205809
97206246
97211911
97214541
97215080
97220258
97220975
97221228
97223307
97227753
97230066
97230263
97230322
97230598
97231128
97231357
97232488
97233086
97235700
97236195
97236320
97238028
97238420
97239349
97240474
97240889
97241957
97244757
97245511
97245875
97247983
97248179
97249798
97250049
97250554
97250913
97251091
97251305
97252347
97253561
97256526
97257004
97257386
97257685
97258678
97260638
97260881
97261343
97261350
97262848
97263164
97264209
97264236
97265040
97265101
97267793
97268370
97268405
97268960
97269384
97269437
97271213
97271287
97271863
97272923
97273708
97275450
97276081
97276304
97276377
97276508
97276631
97276959
97277312
97278020
97279330
97280088
97282509
97282739
97282924
97283022
97283757
97286753
97287449
97287507
97288174
97288510
97290222
97292308
97293371
97294119
97296442
97297906
97298430
97298978
97299416
97300041
97300830
97301471
97302890
97303069
97303766
97305953
97307051
97307608
97311643
97312401
97314944
97315348
97317679
97317818
97318941
97319651
97319798
97321113
97321195
97322689
97322982
97324185
97324193
97324743
97325839
97325861
97326395
97327697
97330040
97330894
97331462
97334145
97335294
97336157
97337431
97337483
97337589
97337630
97338150
97339269
97339426
97340242
97340476
97341528
97342529
97342625
97343060
97343280
97343646
97344384
97344861
97345347
97345633
97346174
97346486
97348340
97348389
97350310
97350430
97350671
97350943
97353635
97356673
97359797
97360028
97360064
97360657
97362730
97363619
97366267
97367367
97376908
97377150
97381592
97382084
97384090
97385786
97386281
97387094
97387301
97387849
97388265
97388608
97389073
97392467
97392579
97392649
97392862
97393556
97394191
97397757
97399310
97399518
97400432
97403506
97405508
97405953
97406663
97407349
97408744
97409520
97409583
97409832
97410489
97411300
97412869
97413778
97414288
97414594
97416879
97418828
97418950
97420509
97420546
97421102
97421372
97422124
97422409
97422658
97422711
97423862
97423906
97424215
97425396
97426491
97427544
97427821
97428140
97428586
97429426
97429816
97433372
97434315
97435100
97437616
97437763
97438883
97439192
97439223
97439323
97440456
97440708
97441876
97442631
97442957
97443158
97443801
97443903
97444027
97444242
97446307
97448083
97448263
97448417
97449800
97456100
97456438
97456615
97457246
97457646
97457898
97458226
97458895
97459204
97459887
97460496
97460930
97461313
97461727
97462445
97463332
97463687
97464552
97465360
97465723
97465752
97466665
97466755
97467265
97467792
97469136
97469316
97470836
97471804
97471964
97472330
97472348
97472405
97472858
97472980
97475087
97475246
97475743
97475920
97476508
97476690
97477265
97477359
97477579
97480551
97481544
97482987
97483252
97483938
97484137
97485689
97485705
97485950
97487147
97487234
97487378
97488005
97488910
97489894
97492139
97492664
97493194
97493673
97493812
97494366
97494593
97494773
97495434
97495490
97495776
97496726
97496975
97499049
97500548
97500640
97501040
97503984
97504454
97507226
97508791
97513815
97514895
97515994
97518645
97520693
97521309
97521849
97524286
97526076
97526365
97526817
97527206
97527280
97530892
97531603
97532907
97535232
97536567
97536811
97539891
97541695
97542004
97542544
97543756
97545939
97546581
97546808
97548112
97549289
97551226
97552996
97553310
97553455
97553640
97556260
97557625
97559203
97561728
97562410
97562662
97563298
97563595
97566707
97566949
97567348
97568937
97569446
97569866
97569943
97570238
97570738
97570913
97571495
97572093
97572447
97572839
97573604
97576936
97578841
97579098
97579644
97580019
97580291
97580685
97580858
97581296
97585070
97585312
97586148
97586725
97586948
97589156
97590042
97590088
97590110
97590202
97590306
97590403
97590453
97590526
97590807
97591068
97591109
97591127
97591315
97592433
97593209
97593474
97594022
97596111
97596137
97596215
97597445
97599753
97599788
97599993
97600946
97602079
97604082
97604089
97604315
97604935
97606067
97606629
97607887
97609212
97609480
97610672
97611553
97612744
97614176
97615049
97615852
97617200
97617425
97617482
97617550
97617634
97618109
97618371
97618425
97619628
97621486
97621722
97623028
97623736
97624043
97624052
97624134
97624353
97624875
97625059
97625271
97626123
97626199
97627024
97627177
97627271
97628773
97629084
97629601
97631349
97632003
97632125
97632445
97632892
97632935
97633087
97633093
97634165
97635400
97636099
97636211
97636702
97637101
97637176
97637521
97637772
97638953
97639089
97639866
97639930
97640331
97640632
97640729
97641196
97642336
97642635
97643042
97643239
97643940
97643985
97644141
97644306
97645185
97645405
97646624
97647144
97647365
97649791
97649833
97650498
97650508
97650857
97651689
97651807
97651825
97651967
97651970
97652119
97652391
97652566
97654921
97657707
97658587
97659052
97663135
97664027
97666437
97668152
97668888
97671202
97671748
97674717
97675030
97677859
97678861
97679123
97679283
97679354
97681291
97681842
97681972
97684731
97686004
97686512
97687559
97688877
97689871
97689881
97690770
97690835
97693056
97693964
97694657
97695739
97695989
97696982
97697116
97697732
97698688
97699086
97699183
97700189
97700469
97700992
97701049
97701677
97702182
97702706
97703953
97704356
97704426
97704631
97704902
97705736
97706250
97706425
97706620
97707183
97707762
97709133
97709697
97712077
97712433
97712773
97713099
97713531
97713570
97714991
97715483
97717228
97718378
97718482
97719233
97719659
97720846
97722503
97722708
97723492
97723871
97723951
97725087
97725510
97726452
97728474
97729298
97730943
97731132
97732287
97732346
97733704
97733714
97735272
97738851
97739386
97740059
97740296
97740632
97740706
97741323
97742250
97743050
97743450
97743865
97744726
97745350
97745475
97746494
97746866
97746959
97747064
97747145
97747746
97748993
97749011
97749819
97750208
97750274
97751909
97752087
97752102
97752119
97752473
97753551
97754816
97755100
97755870
97756628
97756813
97758142
97759278
97759719
97760957
97761334
97762046
97763466
97763640
97763963
97764733
97764876
97765033
97765663
97766286
97766585
97767283
97767383
97767394
97767812
97768138
97768470
97768599
97768906
97768999
97769127
97769333
97770099
97770748
97771249
97771562
97771935
97772738
97772801
97773184
97773651
97773839
97774150
97774159
97775833
97777737
97778199
97778736
97778941
97779553
97779566
97780874
97781222
97781619
97781967
97782043
97782488
97782578
97783109
97783198
97783527
97784098
97784649
97784987
97785738
97786768
97787198
97787490
97787561
97788319
97788465
97789576
97789642
97790093
97790616
97791741
97792056
97793058
97794837
97795504
97796944
97798185
97798228
97799466
97799986
97803666
97804327
97804767
97807267
97807460
97808012
97808755
97808952
97809547
97811248
97811371
97812250
97812320
97813081
97813398
97813681
97813682
97814348
97814722
97815222
97815345
97815541
97816184
97816192
97816304
97817173
97817296
97817386
97817658
97817981
97818438
97819665
97819678
97819770
97820808
97821142
97822800
97823567
97823590
97823721
97823810
97823889
97825373
97827479
97828448
97828618
97828814
97829061
97830441
97830595
97831381
97831857
97832288
97833551
97833902
97834722
97834895
97835086
97836189
97837063
97837219
97837872
97838263
97839407
97839487
97839590
97840779
97841263
97841483
97842387
97843302
97844016
97844101
97845266
97845644
97845731
97846012
97846938
97847032
97847199
97847213
97847314
97847616
97847681
97847838
97848060
97848613
97850019
97850216
97850438
97850458
97850753
97850819
97851584
97852441
97852936
97853613
97854121
97854727
97854825
97855921
97856038
97856154
97856206
97856696
97857460
97857722
97858668
97859036
97859415
97859769
97859904
97860417
97860692
97861900
97863364
97864012
97864073
97864441
97864992
97865533
97868282
97868317
97868577
97871711
97872409
97872707
97873422
97873578
97874566
97875315
97876193
97876279
97877092
97877248
97878273
97879211
97879402
97879434
97879469
97879638
97880090
97880282
97880349
97880497
97880937
97881083
97881583
97882531
97883218
97883733
97884281
97884717
97885128
97885307
97885750
97886183
97886260
97886368
97887010
97887985
97888127
97888288
97889027
97889044
97889416
97890239
97890485
97890776
97891350
97891390
97892106
97893057
97893187
97893437
97893987
97894097
97894381
97894515
97894586
97895171
97895180
97895763
97896576
97896626
97896646
97896682
97897263
97897940
97899187
97899360
97899378
97899669
97899774
97899859
97899969
97900376
97900544
97900732
97900759
97900894
97901366
97901514
97901635
97902196
97903076
97903566
97903806
97905173
97905856
97905951
97906605
97906766
97907136
97907992
