96583910
96584204
96584685
96584730
96584906
96585036
96585231
96585512
96585605
96585737
96585947
96585957
96586047
96586057
96586160
96586170
96586422
96586522
96586547
96586561
96586722
96587500
96587567
96587760
96589341
96589635
96589798
96590081
96590122
96590477
96590496
96590561
96590866
96590946
96590982
96591266
96591283
96591355
96591710
96592018
96592201
96592207
96592246
96592247
96592255
96592338
96592406
96592408
96592429
96592877
96592902
96593115
96593282
96593572
96593826
96593929
96594312
96594406
96595378
96595380
96595390
96595612
96595649
96595825
96596078
96596120
96596184
96596255
96596563
96596604
96596721
96596850
96597024
96597622
96597660
96597783
96598273
96598353
96598564
96598610
96598616
96598691
96598695
96598742
96598836
96598875
96598880
96598931
96598972
96599146
96599281
96599334
96599570
96599839
96599918
96599927
96600196
96600353
96600665
96600732
96600798
96600814
96601360
96601683
96601854
96601970
96602367
96602408
96602612
96602873
96602910
96602998
96603026
96603498
96603522
96603535
96603918
96604125
96604656
96604789
96605485
96605556
96605613
96605925
96605944
96606162
96606213
96606484
96606758
96607096
96607265
96607267
96607723
96608233
96608380
96608488
96608806
96608844
96608905
96609084
96609322
96609988
96610158
96610231
96610556
96610694
96610771
96610774
96611134
96611428
96611442
96611858
96612094
96612132
96612137
96612174
96612231
96612376
96612664
96612858
96613182
96613337
96613451
96613459
96613612
96613646
96613842
96613985
96614243
96614292
96614514
96614681
96614687
96615139
96615202
96615218
96615311
96615494
96615755
96615866
96616017
96616125
96616222
96616344
96616355
96616846
96617530
96617754
96618154
96619335
96619514
96619517
96619529
96619606
96620209
96620769
96621015
96621841
96622181
96622789
96623247
96623460
96623824
96624240
96624256
96624468
96624669
96624959
96625008
96625289
96625632
96627697
96627848
96629262
96629286
96629584
96629930
96629946
96630127
96630645
96631381
96631792
96632111
96632256
96632590
96632698
96633404
96633434
96633686
96634611
96634994
96635086
96635273
96635331
96635403
96635443
96635636
96635732
96635858
96636008
96636030
96636115
96636175
96636301
96636534
96636576
96636635
96636693
96636699
96636737
96636933
96637187
96637242
96637243
96637357
96637792
96637917
96637951
96637976
96638533
96638561
96638759
96640438
96640647
96640950
96641210
96641335
96641722
96641745
96641825
96642093
96642099
96642651
96642750
96642876
96643084
96643396
96643668
96643770
96644031
96644213
96644298
96644385
96644885
96645076
96645154
96645181
96645363
96646155
96646575
96646605
96646770
96647649
96648016
96648429
96649007
96649285
96649399
96649756
96649805
96649833
96651116
96651337
96651371
96651603
96652039
96652620
96652701
96652751
96653504
96653999
96654689
96654727
96654788
96654987
96655007
96655796
96655804
96655850
96656507
96657177
96657268
96657581
96657754
96657940
96657961
96658020
96658080
96658094
96658278
96658314
96658337
96658351
96658698
96658886
96658919
96658924
96658999
96659102
96659172
96659211
96659303
96659364
96659594
96659902
96660165
96660169
96660715
96660743
96660938
96660976
96661136
96662048
96662469
96662916
96662995
96662996
96663074
96663275
96664031
96664110
96664135
96664369
96665160
96666012
96666212
96666235
96666476
96667032
96667129
96667145
96667175
96667273
96667276
96667413
96667735
96667866
96668134
96668398
96668448
96668997
96669131
96669178
96669338
96669381
96669534
96669740
96670056
96670072
96670203
96670442
96671168
96671491
96671705
96672080
96672601
96672720
96673230
96673802
96673833
96674056
96674152
96674297
96674701
96674849
96674877
96674928
96675296
96675316
96675355
96675438
96675478
96675491
96675632
96675700
96675927
96676030
96676061
96676649
96676663
96677331
96677484
96677774
96677996
96678480
96678785
96678885
96679052
96679112
96679127
96679194
96679200
96679850
96680039
96680236
96680263
96680836
96680838
96681205
96681250
96681370
96681617
96682676
96682873
96683029
96683386
96683389
96683430
96683755
96683946
96683970
96684068
96684072
96684135
96684354
96684706
96684741
96684948
96685404
96685466
96685603
96685952
96687172
96687194
96687218
96687237
96687258
96687338
96687385
96687540
96687791
96687913
96688142
96688740
96688788
96689033
96689160
96689239
96689379
96689441
96689696
96689800
96690378
96691103
96691337
96691841
96691862
96692319
96692426
96692624
96692904
96693242
96693408
96693654
96693657
96693663
96693695
96693701
96693715
96693757
96693988
96694139
96694156
96694189
96694299
96694327
96694428
96694439
96694464
96694492
96694495
96694638
96694713
96694733
96694814
96694902
96694904
96694991
96695129
96695500
96695504
96695519
96696008
96696058
96696112
96696550
96696591
96696654
96697045
96697055
96697135
96697542
96697717
96698014
96698190
96698227
96698309
96698416
96698513
96698627
96698883
96698919
96699139
96699225
96699415
96699946
96700004
96700011
96700033
96700150
96700215
96700522
96700887
96701051
96701083
96701857
96701978
96702110
96702206
96702286
96702519
96702561
96702770
96702982
96703104
96703151
96703291
96703366
96703829
96703882
96704036
96704041
96704157
96704400
96704523
96704607
96704622
96704627
96704705
96704757
96704950
96704965
96704972
96704996
96705016
96705020
96705100
96705192
96705297
96705307
96705329
96705365
96705395
96705405
96705432
96705499
96705506
96705730
96705830
96705907
96706117
96706173
96706238
96706860
96707176
96707226
96707776
96707936
96708198
96708310
96708641
96708659
96708744
96709053
96709408
96709584
96709643
96709654
96709657
96709714
96709947
96710079
96710183
96710375
96710462
96710482
96710507
96710595
96710965
96711182
96711651
96711661
96711680
96712194
96712541
96712699
96712702
96713573
96713627
96714818
96714890
96714964
96715234
96715258
96715392
96715560
96716058
96716107
96716197
96716943
96717074
96717129
96717232
96717421
96717754
96717792
96718047
96718050
96718228
96718443
96718600
96718627
96718686
96718768
96718808
96719446
96719462
96719852
96720055
96720268
96720405
96721050
96721574
96722142
96722575
96723113
96723195
96723744
96724415
96724428
96724513
96724609
96724766
96724925
96725367
96725486
96725522
96726022
96726112
96726272
96726329
96726536
96726760
96726809
96726852
96726863
96727174
96727486
96727613
96727902
96728042
96728655
96729569
96729668
96729817
96729879
96730002
96730004
96730213
96730344
96730535
96730592
96730680
96730709
96731000
96731087
96731478
96731825
96731897
96732020
96732177
96732593
96732872
96733162
96733168
96733303
96733405
96733429
96734101
96734155
96734513
96734636
96734939
96735264
96735425
96735701
96735715
96735722
96735748
96735760
96735862
96735892
96735901
96736253
96736344
96736361
96736408
96736463
96736468
96736758
96736805
96737164
96737213
96737378
96737891
96738097
96738159
96738304
96738677
96738715
96738719
96738969
96739068
96739254
96739359
96739433
96739469
96739645
96739814
96740153
96740524
96741047
96741284
96741818
96741889
96742008
96742201
96742736
96742860
96742920
96743528
96743744
96743946
96744021
96744032
96744093
96744464
96744547
96745035
96745601
96745765
96746105
96746136
96746385
96746546
96747154
96747635
96747827
96747938
96748034
96748239
96748366
96748426
96748509
96748512
96748513
96748679
96748717
96748736
96748764
96749213
96749226
96749273
96749289
96749721
96749726
96749743
96749747
96749775
96749780
96749841
96749968
96750018
96750106
96750110
96750171
96750175
96750176
96750178
96750229
96750235
96750236
96750240
96750244
96750253
96750260
96750261
96750268
96750269
96750275
96750286
96750305
96750333
96750341
96750351
96750403
96750425
96750554
96750766
96750972
96751001
96751018
96751205
96751216
96751385
96751535
96751690
96751726
96751827
96752154
96752236
96752344
96752392
96752455
96752515
96752544
96752815
96752871
96752898
96753033
96753181
96753197
96753565
96753720
96753803
96753815
96753969
96753975
96754255
96754413
96754610
96755135
96755278
96755367
96755436
96755471
96755551
96756405
96756565
96756651
96756707
96756904
96756930
96757081
96757338
96757360
96757398
96757926
96758007
96758101
96758287
96758305
96758459
96758502
96758592
96758698
96758748
96758768
96758839
96759031
96759161
96759333
96759470
96759549
96759557
96760087
96760140
96760143
96760148
96760158
96760237
96760276
96760341
96760392
96760486
96760949
96761323
96761353
96761507
96761952
96761959
96761995
96762305
96763010
96763491
96763576
96764101
96764730
96765099
96765533
96765593
96765697
96765856
96766136
96766234
96766323
96766600
96767411
96767490
96768000
96768623
96768830
96768831
96768905
96769013
96769430
96769478
96769533
96770027
96770161
96770818
96771108
96771134
96771154
96771417
96771625
96771941
96772019
96772025
96772027
96772029
96772284
96772553
96773371
96773585
96773979
96774165
96774193
96774208
96774209
96774473
96774597
96774613
96774836
96775198
96775252
96775673
96775789
96776823
96776962
96777106
96777680
96777835
96777910
96778068
96778133
96778284
96778428
96778647
96778970
96779340
96779619
96779683
96779796
96780130
96780382
96780405
96780468
96780803
96780913
96780976
96781039
96781110
96781304
96782816
96782993
96783240
96783427
96783553
96783772
96784366
96784417
96784538
96784607
96784975
96785240
96785322
96785366
96785424
96785986
96786155
96786905
96787846
96788249
96788303
96789369
96789614
96789680
96789871
96790470
96790841
96790954
96791061
96791635
96792181
96792303
96792481
96792805
96792836
96792906
96793024
96793162
96793276
96794099
96794197
96794317
96794389
96794843
96794854
96795033
96795288
96795577
96795619
96795729
96796198
96796518
96796527
96796651
96796807
96796826
96797829
96798199
96798249
96798781
96798918
96799480
96800655
96800692
96800759
96800761
96802255
96803602
96803828
96804329
96805463
96805634
96805650
96805767
96805977
96806643
96806704
96807301
96807847
96807851
96807876
96808440
96808861
96809088
96809377
96809670
96809768
96809776
96809926
96810035
96810037
96810237
96810252
96810386
96810394
96810455
96811011
96811357
96811511
96811992
96812153
96812210
96813690
96813882
96814015
96814019
96814502
96814643
96815093
96815195
96815253
96816207
96816748
96816930
96816997
96817965
96818124
96818126
96818138
96818375
96818440
96818474
96818603
96818685
96818701
96818717
96818830
96818901
96818975
96819295
96820285
96820560
96820567
96820625
96820649
96820946
96821117
96821959
96822078
96822083
96822117
96822123
96822209
96822269
96822282
96822417
96822664
96822688
96823025
96823149
96823167
96823182
96823345
96823369
96824316
96824622
96824689
96824697
96824745
96825052
96825120
96825192
96825237
96825256
96825476
96825711
96826162
96826269
96826434
96826462
96826592
96826818
96826846
96827116
96827689
96828052
96828368
96828839
96828932
96828967
96829017
96829187
96829301
96829661
96829671
96829721
96829727
96829751
96830030
96830066
96830176
96830427
96831074
96831163
96832535
96832562
96832738
96832892
96833002
96833476
96833928
96834158
96834211
96834276
96834353
96835221
96835571
96835833
96835917
96836341
96836650
96837058
96837310
96837412
96837421
96837458
96837471
96837486
96837506
96837521
96837556
96837638
96837684
96837703
96837763
96837805
96837945
96838109
96838288
96838538
96838559
96838727
96838780
96838820
96838901
96839113
96839542
96839566
96839998
96841000
96841176
96841199
96841323
96841491
96841599
96841827
96841924
96842008
96842050
96842170
96842404
96842597
96843350
96843518
96843536
96843565
96843683
96843756
96843792
96843865
96843959
96844049
96844104
96844359
96844551
96844845
96844881
96845039
96845330
96845425
96845521
96845712
96845738
96845835
96846011
96846022
96846214
96846450
96846597
96846857
96846869
96847148
96847170
96847714
96847793
96847931
96848013
96848336
96848483
96848561
96848775
96848841
96849023
96849032
96849133
96849647
96849680
96849824
96850044
96850112
96850327
96850407
96850448
96850860
96851156
96851724
96851761
96851767
96851772
96851782
96851790
96852060
96852090
96852186
96852207
96852307
96852389
96852700
96852829
96852838
96852948
96853013
96853499
96853804
96854062
96854275
96854335
96854436
96854500
96854795
96854901
96854965
96855139
96855189
96855266
96855395
96855521
96855588
96856266
96856346
96856585
96856787
96857117
96857199
96857239
96857402
96857454
96857517
96857559
96857607
96857622
96857724
96857807
96857822
96857947
96857957
96857977
96858065
96858157
96858278
96858293
96858324
96858413
96858445
96858532
96858541
96858574
96858591
96858649
96858857
96858879
96859001
96859067
96859143
96859182
96859228
96859503
96859685
96859976
96860140
96860223
96860458
96860737
96860782
96861023
96861036
96861097
96861249
96861263
96861782
96861816
96861838
96861995
96862063
96862205
96862420
96862651
96862686
96862757
96862823
96862860
96862869
96862878
96862900
96863018
96863199
96863266
96863389
96863429
96863466
96863591
96863624
96863636
96863637
96863729
96863742
96863764
96864137
96864146
96864303
96864558
96864570
96864592
96864706
96864707
96864842
96864939
96865077
96865101
96865301
96865494
96865865
96866343
96866372
96866551
96866677
96866711
96866796
96866952
96867228
96867261
96867321
96867480
96867495
96867521
96867642
96867943
96868063
96868145
96868440
96868553
96868602
96868728
96869251
96869388
96869397
96869420
96869576
96869970
96870167
96870262
96870412
96870471
96870513
96870655
96870689
96870745
96870952
96871510
96872099
96872123
96872615
96872775
96872778
96872978
96873075
96873208
96873262
96873335
96873816
96873878
96873967
96874045
96874179
96874654
96874953
96875142
96875230
96875280
96875436
96875532
96875842
96875866
96875925
96875990
96876420
96876655
96876685
96876797
96876966
96877765
96878044
96878190
96878221
96878263
96878287
96878424
96878460
96878554
96878612
96878768
96878911
96878939
96879014
96879054
96879790
96880227
96880272
96880348
96880367
96880444
96880721
96880838
96881008
96881244
96881280
96881327
96881355
96881401
96881673
96882212
96882641
96882756
96882801
96882997
96883144
96883157
96883484
96883637
96883655
96883807
96884266
96884662
96884983
96885173
96885467
96885562
96885576
96885730
96885904
96885927
96885945
96886207
96886236
96886243
96886369
96886433
96886506
96886634
96886780
96886924
96887044
96887322
96887484
96887532
96887801
96887813
96888147
96888209
96888302
96888340
96888566
96888696
96888704
96888877
96888935
96888965
96889116
96889604
96889737
96889802
96889829
96890000
96890011
96890310
96890389
96890702
96890748
96891093
96891206
96891321
96891441
96891443
96891492
96891552
96891560
96891739
96891776
96891812
96891878
96892155
96892663
96892780
96892906
96892948
96893011
96893659
96893933
96894000
96894065
96894230
96894802
96894870
96894936
96895100
96895183
96895295
96895337
96895418
96895583
96895619
96895682
96895828
96895831
96896040
96896322
96896399
96896407
96896882
96897231
96897291
96897427
96897988
96898448
96898799
96899065
96899164
96899188
96899510
96899563
96899591
96899610
96900035
96900389
96900413
96900459
96900632
96900680
96900880
96900949
96901071
96901158
96901182
96902122
96902208
96902228
96902246
96902279
96902317
96902401
96902412
96902707
96902956
96903119
96903572
96903851
96904034
96904050
96904467
96904737
96904928
96905069
96905077
96905933
96906539
96906641
96906903
96906952
96907246
96907369
96907663
96907674
96907706
96907945
96908889
96909179
96909402
96909701
96909839
96910077
96910311
96910927
96911354
96911401
96911471
96911548
96911623
96911667
96911684
96912019
96912115
96912137
96912509
96913105
96913109
96913188
96913248
96913249
96913330
96913433
96913451
96913619
96913703
96913718
96913794
96913866
96914492
96914543
96914553
96914954
96915344
96915757
96915822
96916148
96916476
96916664
96916741
96916794
96916804
96916824
96916934
96917071
96917600
96917675
96917788
96917875
96917891
96918009
96918295
96918747
96919179
96919233
96919257
96919621
96919702
96919764
96919802
96919837
96919893
96919913
96919925
96919933
96919968
96920024
96920025
96920042
96920050
96920155
96920224
96920255
96920515
96920522
96920767
96920817
96921042
96921157
96921234
96921418
96921637
96922469
96922853
96923083
96923088
96923204
96923776
96923855
96923980
96924181
96924450
96924665
96924799
96924960
96925411
96926214
96926280
96926445
96926456
96926559
96927130
96927587
96927751
96927973
96928329
96928690
96928752
96929009
96929059
96929513
96929674
96930126
96930798
96931094
96931329
96931401
96931758
96931814
96931944
96931976
96932901
96932967
96933077
96933339
96933686
96933918
96934527
96934559
96935445
96935625
96936188
96936504
96936933
96939055
96939253
96939425
96939890
96940815
96940889
96941108
96941162
96941309
96941754
96941982
96942639
96942932
96943249
96943843
96944124
96944146
96945193
96945662
96946228
96947011
96947186
96948865
96949017
96949540
96949591
96950104
96950334
96950534
96950714
96951256
96951428
96951586
96951747
96952312
96952317
96952693
96953184
96953260
96953303
96953349
96953454
96953513
96953779
96954149
96954278
96954358
96954995
96955764
96956456
96956576
96956811
96957138
96957309
96958118
96958132
96959799
96960902
96961115
96961732
96962190
96962570
96962858
96964193
96964467
96964788
96965491
96965609
96965846
96966096
96966099
96966194
96966239
96966282
96967186
96967398
96967757
96967843
96968107
96968297
96968345
96968411
96968525
96968614
96968615
96968622
96969220
96969669
96969950
96969994
96970635
96970723
96971127
96971256
96971467
96971542
96972227
96972642
96972689
96972860
96972936
96973465
96973488
96973749
96974154
96975071
96975093
96975208
96975477
96975802
96975926
96976006
96976069
96976709
96976718
96977103
96977507
96977667
96978270
96978402
96978410
96978625
96978763
96978849
96979559
96980512
96980612
96981370
96982089
96982334
96982369
96982394
96982461
96982683
96983275
96983480
96983597
96983653
96983731
96983874
96983881
96983883
96984801
96984834
96985262
96985931
96986214
96986258
96987564
96987669
96987687
96988004
96988213
96988625
96989439
96989852
96990217
96990266
96990366
96990512
96990924
96991026
96991144
96991230
96991633
96991641
96991763
96991819
96992410
96992916
96993791
96993985
96994282
96994690
96994785
96994900
96994939
96995047
96995678
96996669
96996755
96996995
96997125
96997355
96997499
96997776
96998021
96998360
96998428
96998445
96998582
96998959
96999012
96999934
97000620
97000712
97000776
97001033
97001201
97001722
97001920
97002181
97002324
97002462
97002498
97002508
97002821
97002965
97003205
97003373
97003713
97003817
97003901
97004028
97004493
97004911
97005246
97005359
97005747
97006067
97006803
97007142
97007150
97007367
97008349
97008657
97008746
97009070
97009298
97009481
97009928
97010274
97010457
97010523
97010947
97011176
97011409
97011809
97012087
97012585
97013009
97013284
97013362
97013646
97013923
97013959
97014823
97015546
97015929
97016190
97016239
97017092
97017364
97017801
97018991
97019072
97019478
97019684
97019747
97019778
97020763
97020774
97020883
97021055
97021362
97021616
97021663
97022992
97023686
97023998
97024399
97024545
97024809
97025293
97025511
97026435
97026436
97026512
97026707
97026726
97026892
97027249
97027279
97027320
97027485
97027604
97027680
97028008
97028390
97029455
97029492
97030001
97030222
97030534
97030956
97030967
97031387
97032102
97033105
97033763
97033789
97033901
97033957
97034010
97034271
97034942
97034964
97035280
97035583
97035588
97036427
97036737
97036791
97037584
97038318
97038744
97039155
97039317
97039428
97039430
97039844
97040158
97040172
97040741
97040807
97040887
97040902
97041120
97041662
97042021
97042422
97043473
97043697
97043812
97044514
97044645
97044654
97044685
97044874
97045258
97045432
97045909
97046466
97047079
97047170
97047289
97047311
97047743
97047828
97047973
97048277
97048485
97048578
97048616
97048857
97049155
97049447
97049610
97050092
97050415
97051561
97051737
97052146
97052890
97053189
97053484
97054298
97054673
97054716
97054840
97054893
97054966
97055194
97055221
97055283
97055444
97055582
97055596
97055650
97055651
97056119
97056243
97056755
97056812
97056991
97057659
97057739
97057816
97057856
97057991
97059083
97059089
97059306
97059324
97059673
97060218
97060790
97061132
97061889
97061895
97061978
97062040
97062247
97062373
97062873
97063212
97063288
97063595
97063673
97064053
97064149
97064201
97064988
97065037
97065280
97066228
97066562
97067031
97067255
97067747
97067803
97068631
97068891
97068898
97069007
97069320
97069543
97070198
97070329
97070361
97071277
97071306
97071383
97071400
97071507
97071560
97071962
97072405
97073342
97073729
97073751
97073851
97074286
97074316
97074339
97074486
97074541
97074728
97074774
97075080
97075822
97076663
97076776
97076957
97077407
97078326
97078347
97078388
97078496
97078540
97078592
97078610
97078647
97078707
97078715
97078860
97078939
97079151
97079201
97079426
97079470
97079588
97079633
97079657
97079683
97079713
97079781
97079858
97079875
97079896
97079899
97080086
97080138
97080152
97080294
97080393
97080750
97080824
97081389
97081645
97081805
97081830
97082020
97082315
97082369
97082391
97082541
97082703
97082730
97082959
97082989
97083138
97083143
97083204
97083254
97083461
97083518
97083544
97083545
97083547
97083550
97083553
97083563
97083570
97083572
97083581
97083610
97083627
97083653
97083660
97083688
97083736
97083754
97083783
97083798
97083821
97083940
97084821
97084838
97084957
97085027
97085274
97085410
97085478
97085939
97086252
97086548
97086723
97087023
97087058
97087212
97087315
97087361
97087401
97087438
97087451
97087465
97087709
97088208
97088318
97088495
97088764
97088833
97088896
97088932
97088944
97089078
97089124
97089149
97089336
97089400
97090281
97090465
97090550
97090655
97090997
97091263
97091597
97091612
97091676
97091837
97091883
97091932
97092067
97092576
97092603
97092776
97092895
97093039
97093051
97093081
97093089
97093099
97093258
97093376
97093382
97093635
97093861
97093913
97093955
97093962
97093984
97094005
97094007
97094062
97094195
97094232
97094296
97094426
97094530
97095077
97095180
97095186
97095383
97095526
97095797
97095885
97095916
97096164
97096422
97096742
97097102
97098016
97098018
97098132
97098323
97098486
97098940
97099545
97099820
97099859
97100158
97100283
97100409
97100548
97100617
97101122
97101659
97101866
97103183
97103972
97104013
97104030
97104059
97104167
97104222
97104583
97104908
97105122
97105200
97105457
97105744
97105781
97106185
97106242
97106290
97106827
97106940
97107104
97107132
97107704
97107780
97107813
97107821
97107847
97107911
97107915
97107946
97107975
97107990
97108005
97108006
97108030
97108064
97108078
97108219
97108622
97108755
97109112
97109117
97109146
97109251
97109495
97109686
97109755
97109848
97109978
97110036
97110047
97110400
97110437
97110480
97110488
97110538
97110892
97111216
97111356
97111701
97111924
97111935
97111939
97111996
97112275
97112315
97112345
97112675
97112802
97113234
97113482
97113728
97113867
97113961
97113986
97114053
97114091
97114100
97114230
97114239
97114266
97114288
97114333
97114402
97114459
97114473
97114474
97114653
97114717
97114726
97114884
97114913
97115123
97115329
97115393
97115532
97115587
97115684
97115735
97115770
97115815
97115937
97116019
97116195
97116258
97116283
97116321
97116929
97117134
97117264
97117448
97117642
97117672
97117696
97117817
97117879
97117923
97117944
97117948
97118036
97118175
97118190
97118265
97118385
97118396
97118398
97118459
97118557
97118676
97118752
97119129
97119760
97120096
97120114
97120257
97120565
97120967
97121094
97121179
97121203
97121268
97121330
97121383
97121677
97121679
97121830
97122007
97122398
97122538
97122635
97122694
97122783
97123031
97123094
97123295
97123666
97123694
97123786
97124043
97124111
97124226
97124350
97124659
97124700
97124736
97124784
97124861
97124966
97124989
97125030
97125060
97125079
97125210
97125246
97125548
97125586
97125776
97125873
97126063
97126097
97126984
97127521
97127564
97127625
97128036
97128186
97128191
97128241
97128318
97128339
97128468
97128558
97128606
97128805
97129101
97129253
97129436
97129455
97129486
97129859
97129872
97129894
97129896
97130073
97130209
97130222
97130291
97130650
97130676
97130756
97130831
97130855
97130877
97130961
97130992
97131192
97131311
97131316
97131397
97131448
97131498
97131828
97132074
97132084
97132265
97132389
97132428
97132494
97132532
97132549
97133050
97133193
97133323
97133364
97133369
97133750
97134076
97134079
97134099
97134101
97134204
97134229
97134336
97134344
97134353
97134357
97134387
97134403
97134430
97134506
97134540
97134612
97134613
97134680
97134836
97134944
97134959
97135179
97135316
97135413
97135507
97135547
97135577
97135805
97135835
97136110
97136370
97136432
97136774
97136777
97137045
97137108
97137452
97138017
97138169
97138239
97138266
97138357
97138532
97138616
97138689
97138710
97138712
97138809
97138816
97138913
97138929
97139039
97139082
97139109
97139160
97139183
97139206
97139232
97139276
97139293
97139365
97139410
97139468
97139513
97139563
97139713
97139809
97139878
97139907
97140062
97140096
97140167
97140627
97140956
97141074
97141150
97141281
97141341
97141592
97141612
97141761
97141883
97142065
97142150
97142191
97142605
97142694
97142870
97142967
97142994
97143056
97143270
97143529
97143724
97144027
97144143
97144288
97144304
97144416
97144490
97144553
97144622
97144751
97145073
97145087
97145282
97145822
97146048
97146187
97146490
97146630
97146793
97146837
97146860
97146861
97146875
97147056
97147077
97147108
97147145
97147167
97147279
97147353
97147367
97147414
97147472
97147509
97147638
97147680
97147714
97147729
97147730
97147732
97147864
97147977
97148062
97148248
97148289
97148448
97148546
97148587
97148606
97148660
97148698
97148714
97148716
97148912
97148946
97148974
97149014
97149303
97149469
97149613
97149631
97149636
97149662
97149790
97149996
97150497
97150590
97150996
97151193
97151348
97151366
97151378
97151566
97151769
97151860
97151912
97151975
97152412
97152443
97152517
97152527
97152726
97152875
97152910
97153050
97153083
97153176
97153213
97153254
97153275
97153521
97153793
97153910
97153957
97154033
97154082
97154085
97154088
97154183
97154267
97154279
97154315
97154331
97154337
97154375
97154379
97154443
97154511
97154590
97154875
97154980
97155119
97155139
97155186
97155190
97155208
97155278
97155369
97155440
97155468
97155740
97155780
97155791
97155821
97156127
97156273
97156298
97156486
97156581
97156669
97156748
97156844
97156871
97156970
97157010
97157021
97157043
97157308
97157803
97157907
97158344
97158497
97158569
97158693
97159063
97159135
97159270
97159375
97159383
97159449
97159982
97160028
97160709
97160714
97160780
97160822
97161000
97161122
97161303
97161428
97161551
97161773
97161792
97161888
97161919
97161941
97161986
97162229
97162351
97162393
97162515
97162556
97162561
97162579
97162598
97162615
97162655
97162802
97162814
97162937
97163048
97163150
97163204
97163337
97163364
97163381
97163451
97163487
97163646
97163705
97164118
97164123
97164229
97164234
97164355
97164365
97164519
97164670
97164825
97164850
97165070
97165076
97165207
97165236
97165352
97165387
97165561
97165776
97165901
97165905
97166027
97166218
97166246
97166324
97166588
97166604
97166654
97166754
97166902
97167027
97167089
97167469
97167657
97167790
97167796
97167866
97167880
97167923
97167955
97168018
97168274
97168555
97168591
97168759
97168770
97168790
97168968
97169189
97169415
97169469
97169495
97169591
97169720
97169735
97169807
97169816
97169831
97170007
97170047
97170294
97170754
97170819
97170937
97170973
97171056
97171845
97171879
97171930
97171969
97171995
97172093
97172148
97172195
97172429
97172484
97172497
97172641
97172683
97172827
97172911
97173046
97173095
97173188
97173236
97173807
97173903
97173945
97174037
97174038
97174077
97174123
97174348
97174495
97174610
97174775
97175120
97175137
97175145
97175306
97175439
97175550
97175698
97175973
97176321
97176424
97176875
97176957
97177021
97177055
97177243
97177253
97177668
97177722
97177822
97177855
97178082
97178104
97178168
97178309
97178370
97178460
97178593
97178720
97178766
97179009
97179067
97179438
97179504
97179626
97179749
97179857
97180057
97180218
97180317
97180455
97180727
97180810
97180850
97180869
97181160
97181304
97181398
97181590
97181750
97181831
97181854
97181979
97181984
97182060
97182217
97182283
97182308
97182496
97182511
97182566
97182629
97182710
97182711
97182713
97182719
97182725
97182732
97182754
97182783
97182899
97183069
97183312
97183333
97183417
97183429
97183453
97183489
97183580
97183582
97183585
97183678
97183696
97183731
97183867
97184168
97184231
97184259
97184312
97184679
97184734
97184852
97185270
97185472
97185490
97185568
97185679
97185901
97186185
97186340
97186614
97186653
97186716
97186890
97186932
97187057
97187164
97187211
97188021
97188051
97188115
97188275
97188337
97188535
97188555
97188627
97188643
97188721
97188730
97188909
97189050
97189052
97189121
97189134
97189203
97189423
97189785
97190109
97190282
97190286
97190537
97190604
97190653
97190676
97190781
97190794
97190948
97191108
97191832
97191855
97191979
97192484
97192558
97193073
97193074
97193076
97193078
97193083
97193087
97193090
97193094
97193097
97193102
97193104
97193105
97193201
97193204
97193243
97193249
97193253
97193254
97193256
97193273
97193319
97193469
97194153
97194243
97194257
97194434
97194553
97194795
97194947
97195010
97195025
97195067
97195180
97195208
97195778
97195781
97195890
97195973
97196505
97198090
97198199
97198212
97198467
97198765
97198771
97198774
97198776
97198777
97198779
97198782
97198783
97198784
97198795
97198802
97198809
97198810
97198851
97198854
97198904
97199020
97199100
97199215
97200422
97200625
97200840
97200889
97201020
97201242
97201829
97202119
97202164
97202458
97202547
97202770
97202872
97203128
97203992
97204001
97204420
97204630
97204666
97204826
97204954
97204975
97205142
97205257
97205815
97206885
97207076
97207173
97207545
97207585
97207988
97208016
97208260
97208919
97208962
97209113
97209341
97209412
97209515
97209648
97209652
97209671
97210351
97210540
97210935
97211375
97211639
97211678
97211936
97212455
97212531
97212742
97212793
97212839
97212865
97213106
97213128
97213135
97213445
97215014
97215049
97215145
97215210
97215323
97215329
97215330
97215335
97215341
97215343
97215345
97215386
97215439
97215565
97215915
97215954
97215968
97215975
97216026
97216188
97216373
97216425
97216429
97216462
97216504
97216678
97216739
97216945
97217670
97217812
97218062
97218204
97218216
97218219
97218250
97218279
97218301
97218531
97218865
97219201
97219442
97219570
97219600
97219627
97219635
97219779
97219807
97219841
97219874
97219943
97219973
97220168
97220186
97220256
97220400
97220412
97220414
97220465
97220564
97220625
97220824
97220888
97220895
97220938
97220984
97221038
97221278
97221370
97221371
97221437
97221443
97222101
97222358
97222936
97222946
97223073
97223097
97223247
97223986
97224031
97224113
97224230
97224359
97224397
97224507
97224616
97224664
97224739
97224773
97224777
97224842
97224876
97225016
97225094
97225392
97225424
97225480
97225897
97225995
97226079
97226492
97227147
97227175
97227477
97227517
97227927
97228332
97228483
97228706
97229153
97229163
97229186
97229415
97229455
97229498
97229765
97229790
97230035
97230062
97230780
97230850
97231147
97231484
97231558
97231846
97232168
97232309
97232319
97232354
97232490
97232562
97233044
97233178
97233253
97233266
97233482
97233510
97233570
97233579
97233970
97234285
97234301
97234332
97234785
97234794
97234973
97235105
97235137
97235218
97235316
97235443
97235469
97235681
97235689
97235878
97236065
97236294
97236328
97236534
97237053
97237113
97237116
97237224
97238271
97238293
97238419
97238475
97238652
97238839
97239024
97239198
97239257
97239289
97239299
97239354
97239436
97239494
97239626
97239682
97240182
97240341
97240458
97240536
97240632
97240671
97240779
97240825
97240854
97241020
97241054
97241148
97241150
97241203
97241247
97241259
97241413
97241565
97241709
97241797
97241965
97242050
97242059
97242155
97242212
97242281
97242287
97242442
97242448
97242449
97242572
97242655
97242693
97242770
97242971
97243225
97243262
97243291
97243354
97243483
97243562
97243563
97243631
97243713
97243722
97243804
97243840
97243886
97243945
97244016
97244306
97244381
97244394
97244478
97244556
97244877
97244904
97244928
97245014
97245022
97245154
97245253
97245323
97245348
97245514
97245736
97245844
97245873
97245921
97245972
97246133
97246181
97246615
97246870
97247192
97247345
97247360
97247576
97247709
97247796
97248046
97248058
97248061
97248072
97248117
97248145
97248159
97248189
97248416
97248545
97248594
97248880
97248911
97248942
97248964
97249011
97249012
97249048
97249080
97249216
97249257
97249350
97249489
97249521
97249536
97249559
97249564
97249628
97249743
97249759
97249788
97249819
97249822
97249958
97250036
97250065
97250067
97250101
97250128
97250142
97250200
97250215
97250254
97250294
97250407
97250477
97250585
97250587
97250593
97250608
97250637
97250639
97250645
97250784
97250858
97250910
97250982
97251039
97251093
97251136
97251165
97251267
97251323
97251419
97251538
97251599
97251625
97251640
97251692
97251844
97251930
97252096
97252175
97252446
97252457
97252614
97252708
97252716
97252826
97252937
97252949
97253149
97253264
97253287
97253345
97253371
97253514
97253661
97253741
97253757
97253768
97253837
97253890
97253971
97253987
97253992
97254130
97254171
97254235
97254368
97254392
97254506
97254536
97254626
97254785
97254839
97254894
97254922
97254957
97254985
97255153
97255195
97255198
97255355
97255515
97255534
97255581
97255605
97255610
97255687
97255938
97256196
97256274
97256321
97256834
97256852
97256860
97256894
97257144
97257156
97257537
97257572
97257657
97257692
97257715
97257722
97257778
97257798
97257813
97257943
97258056
97258260
97258270
97258380
97258450
97258463
97258487
97258548
97258693
97258703
97258795
97258827
97258854
97259022
97259104
97259291
97259368
97259379
97259525
97259579
97259586
97259654
97259724
97259764
97259776
97259787
97260270
97260286
97260355
97260449
97260491
97260613
97260636
97260825
97261221
97261237
97261264
97261332
97261463
97261782
97262056
97262057
97262324
97262516
97262554
97262603
97262923
97262931
97262971
97263221
97263363
97263470
97263561
97263564
97263575
97263578
97263633
97263663
97263748
97263762
97263785
97263886
97263893
97264049
97264086
97264125
97264509
97264540
97264581
97264851
97264908
97264936
97264957
97265160
97265760
97265774
97265966
97266061
97266070
97266161
97266628
97266774
97266988
97267010
97267093
97267145
97267286
97267331
97267336
97267493
97267506
97267671
97267688
97267746
97267838
97267870
97267889
97268235
97268409
97268456
97268528
97268668
97268737
97268746
97268768
97268801
97268871
97268972
97268985
97269009
97269011
97269088
97269103
97269114
97269220
97269355
97269512
97269521
97269548
97269605
97269766
97269951
97269955
97270199
97270238
97270381
97270469
97270497
97270511
97270537
97270570
97270608
97270635
97270654
97270655
97270891
97271009
97271017
97271040
97271053
97271059
97271064
97271098
97271306
97271479
97271579
97271765
97271817
97271846
97271973
97272029
97272069
97272134
97272148
97272648
97272684
97272790
97272798
97272894
97272958
97273001
97273581
97273637
97273666
97273769
97273854
97273865
97273884
97273943
97273983
97274260
97274277
97274477
97274510
97274623
97274747
97275054
97275149
97275246
97275342
97275355
97275488
97275580
97275626
97275668
97275843
97275882
97275968
97276197
97276338
97276401
97276442
97276451
97276501
97276616
97276805
97276890
97276924
97276931
97277083
97277486
97277638
97277740
97277799
97277886
97277963
97277979
97278001
97278243
97278270
97278277
97278280
97278298
97278477
97278500
97278505
97278523
97278592
97278602
97278605
97278627
97278721
97278830
97278834
97279042
97279173
97279200
97279211
97279292
97279522
97279584
97279640
97279653
97279702
97279792
97279802
97279806
97279807
97279814
97279827
97279965
97280048
97280219
97280229
97280288
97280422
97280478
97280712
97280786
97280805
97280949
97280963
97281052
97281058
97281067
97281082
97281111
97281197
97281352
97281358
97281392
97281429
97281468
97281529
97281652
97281690
97281868
97281968
97281973
97282043
97282062
97282121
97282420
97282485
97282883
97282917
97283010
97283058
97283107
97283123
97283141
97283200
97283249
97283253
97283258
97283295
97283380
97283660
97283692
97283699
97283718
97283794
97283813
97283852
97283892
97283926
97283969
97284050
97284065
97284171
97284286
97284356
97284363
97284367
97284388
97284417
97284515
97284573
97284585
97284625
97284664
97284708
97284739
97284782
97284859
97285015
97285052
97285072
97285229
97285411
97285424
97285599
97285707
97286005
97286211
97286220
97286394
97286466
97286494
97286508
97286731
97286785
97286798
97287001
97287438
97287494
97287502
97287659
97287715
97287736
97287755
97288090
97288168
97288361
97288426
97288427
97288631
97288644
97288657
97288862
97289055
97289117
97289287
97289367
97289373
97289429
97289434
97289502
97289515
97289568
97289577
97289596
97289624
97289673
97289715
97289843
97289910
97290183
97290265
97290275
97290366
97290428
97290488
97291035
97291052
97291259
97291328
97291546
97291630
97291650
97291731
97291901
97291944
97292052
97292220
97292259
97292280
97292324
97292363
97292373
97292390
97292403
97292767
97292819
97292862
97292925
97293077
97293104
97293155
97293244
97293337
97293344
97293426
97293542
97293587
97293719
97293722
97293830
97293859
97293954
97294356
97294391
97294423
97294472
97294707
97294743
97294753
97294830
97294871
97294872
97294919
97295081
97295131
97295178
97295252
97295548
97295706
97295793
97295799
97296022
97296029
97296136
97296154
97296258
97296565
97296690
97296692
97296851
97296983
97297307
97297309
97297365
97297579
97297736
97297855
97297878
97297982
97298014
97298197
97298509
97298539
97298615
97298623
97298673
97298696
97298804
97298857
97298866
97298892
97298932
97299161
97299319
97299327
97299407
97299535
97299587
97299588
97299634
97299653
97299685
97299709
97299905
97299947
97299954
97299968
97300051
97300083
97300201
97300232
97300245
97300284
97300299
97300300
97300505
97300674
97300823
97301299
97301402
97301538
97301741
97301766
97301780
97301782
97301823
97301851
97302144
97302348
97302436
97302514
97302538
97302560
97302567
97302589
97302735
97302741
97302783
97302942
97303136
97303246
97303588
97303705
97303781
97303872
97304251
97304355
97304382
97304513
97304602
97304604
97304654
97304762
97304851
97304882
97304887
97304955
97305090
97305123
97305163
97305402
97305468
97305646
97305841
97306040
97306046
97306192
97306260
97306267
97306379
97306386
97307070
97307358
97307438
97307445
97307451
97307507
97307519
97307520
97307580
97307587
97307993
97308099
97308155
97308278
97308705
97308845
97308931
97309174
97309212
97309357
97309545
97309567
97309648
97309744
97309919
97310028
97310078
97310095
97310116
97310164
97310234
97310299
97310335
97310435
97310510
97310627
97310701
97310702
97310709
97310744
97310762
97310789
97310838
97310933
97311197
97311244
97311283
97311348
97311508
97311546
97311705
97311726
97311754
97311940
97312024
97312050
97312230
97312340
97312557
97312615
97312639
97312642
97312767
97312895
97312906
97313009
97313040
97313136
97313309
97313444
97313449
97313466
97313735
97314202
97314206
97314493
97314501
97314618
97314747
97314865
97314945
97315004
97315439
97315448
97315567
97315609
97315680
97315772
97315870
97315884
97315978
97316050
97316175
97316305
97316422
97316616
97316836
97317107
97317239
97317262
97317270
97317285
97317451
97317480
97317488
97317601
97317850
97317953
97318045
97318091
97318365
97318408
97318533
97318577
97318718
97318752
97318811
97319097
97319100
97319104
97319129
97319199
97319203
97319314
97319600
97319663
97320083
97320095
97320117
97320164
97320220
97320391
97320446
97320688
97320793
97321309
97321318
97321359
97321434
97321533
97321584
97321854
97321973
97321974
97322071
97322079
97322105
97322171
97322356
97322661
97322762
97322763
97322842
97322880
97322937
97323021
97323084
97323150
97323160
97323212
97323232
97323491
97323499
97323530
97323658
97323669
97323723
97323796
97323964
97323974
97324054
97324150
97324187
97324213
97324268
97324408
97324645
97324714
97324942
97325308
97325521
97325879
97325901
97325951
97325960
97326231
97326628
97326643
97326882
97327185
97327444
97327622
97327626
97327772
97327867
97328014
97328015
97328175
97328210
97328263
97328334
97328490
97328606
97328664
97328755
97328763
97328843
97328890
97328893
97328977
97329010
97329107
97329119
97329146
97329210
97329540
97329715
97329728
97329760
97329780
97329811
97329886
97329992
97330071
97330072
97330075
97330119
97330127
97330350
97330471
97330478
97330643
97330790
97330805
97330946
97331128
97331146
97331429
97331604
97331628
97331652
97331813
97332239
97332416
97332423
97332426
97332819
97332824
97332884
97333052
97333182
97333205
97333301
97333620
97333631
97334015
97334034
97334202
97334438
97334470
97334517
97334568
97334611
97334746
97334804
97335067
97335287
97335343
97335345
97335372
97335459
97335486
97335531
97335553
97335615
97335905
97335970
97336205
97336358
97336463
97336542
97336563
97336650
97336654
97336664
97336723
97336837
97336866
97337022
97337104
97337223
97337256
97337309
97337334
97337390
97337421
97337448
97337501
97337631
97337949
97337964
97338026
97338048
97338111
97338195
97338243
97338263
97338633
97338668
97338683
97338686
97338777
97338872
97338878
97338997
97339159
97339228
97339733
97339790
97339850
97340057
97340100
97340236
97340548
97340710
97340723
97340769
97341092
97341176
97341228
97341310
97341386
97341633
97341774
97341829
97341840
97341882
97342094
97342227
97342394
97342403
97342436
97342493
97342502
97342840
97342941
97343064
97343080
97343148
97343253
97343435
97343519
97343541
97343617
97343899
97344122
97344350
97344456
97344458
97344654
97344752
97345144
97345582
97345664
97346252
97346716
97346779
97346985
97347223
97347237
97347388
97347434
97347598
97347926
97348546
97348592
97348654
97348771
97348951
97349306
97349400
97349817
97349861
97349955
97350274
97350357
97350429
97350453
97350561
97350665
97351460
97351738
97352440
97352485
97352804
97353293
97353423
97353527
97354376
97354861
97354930
97355356
97355423
97355694
97355700
97355710
97355730
97355882
97356168
97356203
97357107
97357111
97357214
97357218
97357830
97358017
97358042
97358080
97358124
97358393
97358473
97358769
97358928
97358992
97359002
97359102
97359211
97359262
97359294
97359344
97359462
97359473
97359502
97359529
97359632
97359973
97360007
97360272
97360293
97361475
97362029
97362174
97362179
97362262
97362370
97362824
97362878
97363377
97363631
97364039
97364266
97364499
97364810
97364869
97365268
97365274
97365595
97365804
97365853
97365911
97365922
97365998
97366354
97366610
97366885
97366903
97366936
97367125
97367157
97367372
97367392
97367462
97367504
97367578
97367631
97367761
97367820
97367874
97367993
97368135
97368186
97368199
97368300
97368381
97368394
97368499
97368533
97368819
97368824
97369122
97369193
97369213
97369373
97369388
97369556
97369585
97369591
97369793
97369813
97369958
97370003
97370074
97370213
97370219
97370230
97370533
97370666
97370682
97370716
97370737
97370839
97371131
97371211
97371259
97371382
97371528
97371682
97371976
97372017
97372061
97372266
97372310
97372347
97372401
97372602
97372636
97372870
97372879
97372909
97372954
97373076
97373110
97373131
97373317
97373422
97373434
97373484
97373501
97373535
97373560
97373597
97373654
97373683
97373715
97373735
97373805
97373861
97373924
97373926
97374128
97374182
97374207
97374313
97374387
97374535
97374575
97374631
97374728
97374761
97374940
97375028
97375053
97375277
97375302
97375320
97375323
97375342
97375539
97375658
97375670
97375681
97375683
97375709
97375721
97375784
97375815
97376029
97376429
97376534
97376661
97376875
97377019
97377148
97377591
97377663
97377697
97377762
97377785
97377883
97377919
97377930
97377932
97378040
97378108
97378172
97378543
97378597
97378768
97378786
97378844
97378904
97379015
97379523
97379645
97379728
97379803
97379824
97380058
97380156
97380246
97380283
97380549
97380861
97381236
97381339
97381557
97381574
97381587
97381674
97381696
97381754
97381993
97382076
97382178
97382364
97382381
97382416
97382594
97382693
97382697
97382721
97382748
97383214
97383587
97383763
97384486
97384871
97385016
97385377
97385528
97385607
97385802
97385995
97386004
97386076
97386095
97386272
97386352
97386464
97386658
97386743
97386864
97387292
97387332
97387374
97387425
97387491
97387725
97387789
97387886
97388027
97388038
97388132
97388281
97388319
97388516
97388683
97388696
97388703
97388747
97388761
97388764
97388857
97388865
97388901
97388935
97388948
97389061
97389196
97389220
97389364
97389380
97389568
97389582
97389656
97389673
97389732
97389757
97389781
97389887
97390016
97390039
97390346
97390508
97390696
97390766
97390771
97390800
97390848
97390855
97390863
97390884
97390901
97390905
97390944
97390977
97390986
97391037
97391072
97391075
97391084
97391152
97391209
97391258
97391289
97391298
97391389
97391519
97391531
97391672
97391721
97391780
97392058
97392159
97392220
97392356
97392455
97392550
97392784
97393059
97393124
97393360
97393432
97393484
97393507
97393550
97393579
97393845
97393871
97393904
97393981
97394193
97394246
97394314
97394356
97394366
97394600
97394607
97394730
97394830
97394972
97395073
97395099
97395197
97395216
97395556
97395577
97395679
97395680
97395780
97395974
97395983
97395989
97396068
97396121
97396323
97396542
97396626
97396673
97396902
97396925
97397024
97397140
97397161
97397221
97397264
97397274
97397288
97397444
97397456
97397461
97397593
97397620
97397644
97397693
97397776
97397783
97397805
97397855
97397892
97397979
97397983
97397987
97398021
97398073
97398113
97398120
97398122
97398298
97398511
97398595
97398613
97398657
97398666
97398691
97398972
97399014
97399021
97399074
97399111
97399300
97399366
97399740
97399785
97399822
97399829
97399838
97400084
97400155
97400172
97400268
97400281
97400323
97400435
97400588
97400595
97400736
97400808
97400861
97400891
97401065
97401098
97401277
97401295
97401491
97401557
97401633
97402011
97402149
97402187
97402243
97402257
97402318
97402393
97402414
97402474
97402475
97402530
97402601
97402690
97402699
97402799
97402801
97402955
97402971
97403034
97403129
97403428
97403520
97403912
97404071
97404109
97404213
97404359
97404512
97404580
97404955
97405026
97405105
97405278
97405324
97405521
97405537
97405554
97405866
97405907
97405959
97406114
97406353
97406356
97406463
97406490
97406493
97406952
97407025
97407056
97407066
97407078
97407099
97407115
97407136
97407172
97407230
97407299
97407448
97407481
97407522
97407875
97407957
97407973
97407975
97408124
97408262
97408268
97408426
97408715
97408772
97408813
97408935
97408936
97409005
97409014
97409055
97409061
97409176
97409237
97409355
97409374
97409418
97409474
97409505
97409517
97409531
97409544
97409595
97409600
97409716
97409813
97409929
97410038
97410043
97410080
97410083
97410312
97410490
97410570
97410615
97410723
97410929
97411492
97411495
97411544
97411742
97411919
97412094
97412398
97412497
97412664
97412769
97412783
97413049
97413076
97413113
97413298
97413532
97413651
97413671
97413696
97413715
97413769
97414257
97414674
97414813
97415001
97415099
97415254
97415282
97415340
97415344
97415540
97415594
97415669
97415790
97415942
97416027
97416174
97416230
97416253
97416301
97416310
97416352
97416473
97416506
97416554
97416572
97416755
97416927
97416934
97416973
97416979
97417049
97417051
97417205
97417217
97417260
97417270
97417404
97417546
97417665
97417935
97418043
97418059
97418117
97418207
97418266
97418269
97418326
97418404
97418449
97418529
97418535
97418561
97418657
97418800
97418834
97418978
97419001
97419032
97419036
97419052
97419138
97419182
97419275
97419364
97419373
97419376
97419409
97419417
97419484
97419615
97419624
97419872
97419908
97419925
97419938
97419980
97420130
97420179
97420260
97420275
97420297
97420410
97420572
97420655
97420691
97420719
97420721
97420827
97420838
97420906
97420970
97421065
97421069
97421108
97421124
97421151
97421160
97421171
97421216
97421225
97421228
97421268
97421280
97421304
97421329
97421348
97421363
97421373
97421428
97421431
97421454
97421500
97421573
97421599
97421833
97421938
97421965
97422243
97422279
97422372
97422627
97422637
97422652
97422675
97422684
97422700
97422705
97422713
97422720
97422722
97422723
97422733
97422818
97422847
97422994
97423042
97423057
97423103
97423251
97423262
97423288
97423337
97423354
97423413
97423439
97423564
97423643
97423697
97423760
97423967
97424217
97424335
97424350
97424352
97424470
97424609
97424805
97424826
97424937
97425030
97425041
97425042
97425141
97425171
97425176
97425178
97425184
97425185
97425186
97425191
97425200
97425292
97425299
97425311
97425348
97425393
97425580
97425749
97425778
97425934
97425947
97425974
97425985
97425989
97426016
97426039
97426043
97426118
97426222
97426286
97426366
97426386
97426552
97426664
97426792
97427013
97427015
97427040
97427168
97427172
97427346
97427350
97427424
97427432
97427530
97427538
97427610
97427646
97427736
97427823
97428082
97428090
97428143
97428148
97428162
97428303
97428331
97428332
97428341
97428344
97428364
97428400
97428564
97428652
97428846
97428943
97429007
97429093
97429175
97429377
97429382
97429438
97429502
97429530
97429537
97429639
97429695
97429720
97429728
97429768
97429830
97429834
97429984
97430000
97430071
97430163
97430178
97430209
97430211
97430238
97430257
97430378
97430386
97430402
97430405
97430414
97430416
97430478
97430505
97430524
97430553
97430634
97430691
97430704
97430752
97430755
97430770
97430803
97430846
97430941
97430951
97430963
97430978
97431007
97431035
97431075
97431079
97431088
97431112
97431212
97431416
97431458
97431560
97431577
97431645
97431875
97431976
97432073
97432101
97432220
97432248
97432262
97432398
97432399
97432415
97432439
97432450
97432551
97432830
97433001
97433079
97433132
97433429
97433606
97433658
97433884
97433979
97434103
97434268
97434392
97434463
97434483
97434721
97434782
97434814
97434837
97434862
97434929
97435047
97435129
97435343
97435397
97435630
97435637
97435639
97435735
97435819
97435843
97436041
97436168
97436182
97436741
97436954
97437346
97437392
97437447
97437741
97437945
97438001
97438109
97438123
97438138
97438167
97438189
97438213
97438240
97438285
97438345
97438414
97438622
97438835
97438864
97438920
97439034
97439093
97439097
97439120
97439178
97439194
97439197
97439283
97439473
97439494
97439658
97439682
97440130
97440167
97440172
97440214
97440278
97440412
97440477
97440561
97440562
97440683
97440840
97440900
97440906
97441011
97441119
97441148
97441170
97441227
97441275
97441464
97441518
97441523
97441742
97441842
97441894
97441921
97441955
97442009
97442103
97442259
97442290
97442342
97442372
97442578
97443004
97443049
97443057
97443059
97443139
97443155
97443180
97443201
97443336
97443359
97443441
97443464
97443484
97443559
97443707
97443758
97444075
97444225
97444304
97444369
97444417
97444445
97444478
97444551
97444676
97444717
97444838
97445067
97445133
97445306
97445373
97445486
97445554
97445689
97445806
97445844
97445873
97445964
97446068
97446142
97446167
97446198
97446278
97446795
97446885
97447092
97447097
97447145
97447175
97447371
97447493
97447619
97447620
97447665
97447690
97447713
97447954
97447970
97448008
97448021
97448068
97448107
97448273
97448318
97448374
97448447
97448756
97448880
97448928
97449305
97449352
97449355
97449412
97449704
97449713
97449974
97450080
97450543
97450554
97450725
97450727
97450744
97450863
97450974
97451050
97451246
97451339
97451707
97451764
97451771
97451951
97452073
97452370
97452424
97452640
97452677
97452765
97452769
97452854
97453262
97453478
97453626
97453711
97454042
97454277
97454338
97454405
97454517
97454532
97454643
97454671
97454779
97454804
97454842
97454900
97454925
97455019
97455158
97455290
97455431
97455496
97455637
97455699
97455715
97455729
97456125
97456251
97456275
97456289
97456374
97456572
97456769
97456859
97456897
97457129
97457223
97457428
97457517
97457751
97458026
97458477
97458585
97458618
97458634
97458665
97458807
97458898
97459585
97459783
97459823
97459862
97459998
97460038
97460086
97460093
97460116
97460387
97461497
97461501
97461782
97462056
97462067
97462068
97462183
97462308
97462430
97462567
97462592
97462657
97462678
97462954
97462970
97463028
97463051
97463072
97463119
97463127
97463199
97463324
97463449
97463762
97463791
97463876
97463896
97464014
97464111
97464288
97464395
97464444
97464525
97464529
97464752
97464853
97465116
97465221
97465244
97465395
97465542
97465609
97465636
97465661
97465874
97465894
97466086
97466201
97466402
97466486
97466693
97466701
97466743
97466938
97467008
97467152
97467192
97467337
97467705
97467977
97468009
97468125
97468245
97468307
97468344
97468375
97468401
97468415
97468460
97468510
97468533
97468699
97468719
97468724
97468725
97468776
97468826
97468923
97468931
97468977
97469012
97469038
97469050
97469171
97469226
97469271
97469294
97469450
97469559
97469662
97469734
97469840
97469843
97470040
97470206
97470515
97470516
97470969
97470996
97471096
97471189
97471309
97471507
97471642
97472075
97472522
97472563
97472564
97472753
97472772
97472907
97473138
97473199
97473224
97473363
97473389
97473573
97473627
97473656
97473657
97473734
97473761
97473864
97473990
97474088
97474157
97474358
97474429
97474501
97474685
97474782
97474799
97474895
97474938
97475278
97475321
97475327
97475404
97475543
97475924
97475968
97476046
97476103
97476107
97476147
97476461
97476553
97476583
97476672
97476774
97476955
97476976
97476981
97476988
97477120
97477179
97477388
97477555
97477598
97477604
97478138
97478760
97479660
97479957
97480160
97480174
97480201
97480209
97480252
97480708
97480723
97481030
97481039
97481047
97481098
97481343
97481487
97481802
97482271
97482276
97482516
97482549
97482623
97482915
97482939
97483189
97483604
97483630
97483643
97483950
97484133
97484206
97484363
97484427
97484457
97484684
97484704
97484769
97484905
97485020
97485061
97485438
97485608
97485726
97486000
97486078
97486154
97487079
97487200
97487232
97487377
97487665
97487878
97488172
97488620
97488926
97489135
97489199
97489375
97489403
97489445
97489538
97489688
97489895
97490075
97490453
97490535
97490565
97490712
97491067
97491294
97491424
97491632
97492126
97492612
97492696
97492697
97492831
97493189
97493428
97493430
97493498
97493757
97493888
97493982
97494072
97494080
97494661
97494673
97494893
97494923
97495054
97495187
97495516
97495584
97495705
97495893
97495972
97496030
97496296
97496298
97496446
97496559
97496804
97497295
97497475
97497898
97498325
97498440
97498461
97498684
97498894
97498897
97499162
97499378
97499638
97500350
97500510
97500569
97500626
97500690
97501014
97501135
97501176
97501186
97501218
97501467
97501667
97501758
97501841
97501898
97502050
97502091
97502333
97502405
97502411
97502659
97502978
97502995
97503348
97503467
97503611
97503677
97503708
97503788
97503841
97504242
97504366
97504464
97504485
97504731
97504742
97504989
97505160
97505256
97505374
97505448
97505475
97505542
97505587
97506211
97506372
97506624
97506738
97506818
97506846
97506920
97507292
97507416
97507443
97507486
97507507
97507752
97507944
97507962
97508029
97508282
97508323
97508642
97508694
97508726
97508961
97509000
97509275
97509469
97509764
97509846
97510179
97510336
97510794
97510825
97510835
97510862
97511219
97511284
97511614
97511736
97512019
97512543
97512560
97512737
97512891
97513224
97513683
97513892
97514049
97514144
97514159
97514682
97514914
97515058
97515112
97515228
97515428
97515558
97516103
97516282
97516408
97516652
97516877
97517052
97517168
97517439
97517586
97517878
97517942
97517954
97517979
97517983
97518003
97518151
97518426
97518475
97518483
97518571
97518650
97518658
97518712
97518806
97519015
97519420
97519497
97519509
97519693
97519721
97519791
97519863
97520044
97520088
97520101
97520173
97520214
97520330
97520486
97520583
97520723
97520774
97520800
97521134
97521188
97521240
97521259
97521288
97521444
97521564
97521752
97521824
97521831
97521836
97521886
97521917
97522018
97522038
97522202
97522322
97522535
97522927
97522977
97523316
97523821
97523995
97524006
97524047
97524114
97524576
97524767
97524823
97524931
97524992
97525094
97525125
97525203
97525945
97525955
97526071
97526179
97526218
97526354
97526381
97526634
97526889
97526958
97526981
97527237
97527253
97527287
97527446
97527597
97527762
97527958
97527967
97528063
97528167
97528258
97528300
97528338
97528383
97528753
97528990
97529018
97529104
97529305
97529351
97529380
97529405
97529409
97529422
97529692
97529864
97529868
97529930
97529934
97530098
97530137
97530449
97530492
97530586
97530587
97530621
97530669
97530680
97530701
97530907
97531082
97531168
97531250
97531309
97531493
97531521
97531610
97531622
97531658
97531678
97531679
97531772
97531780
97531836
97531865
97531992
97532030
97532051
97532078
97532119
97532312
97532321
97532427
97532447
97532590
97532654
97532655
97532694
97532770
97532911
97532985
97533116
97533250
97533251
97533325
97533327
97533368
97533409
97533556
97533684
97533717
97533728
97533730
97533739
97534172
97534365
97534450
97534484
97534514
97534945
97535125
97535240
97535590
97535598
97535787
97535861
97535915
97535919
97535931
97536000
97536031
97536189
97536359
97536417
97536541
97536733
97536783
97536926
97537067
97537312
97537387
97537419
97537435
97537561
97537664
97537795
97537833
97537910
97538085
97538102
97538196
97538800
97538815
97538927
97538932
97538963
97538987
97539151
97539288
97539436
97539550
97539948
97540122
97540310
97540479
97540631
97540635
97540778
97540976
97541579
97541592
97541780
97541821
97541984
97542020
97542179
97542311
97542461
97542511
97542583
97542699
97542850
97542933
97542982
97543004
97543011
97543097
97543206
97543393
97543675
97543686
97543910
97543946
97543964
97543967
97544015
97544208
97544276
97544362
97544365
97544369
97544560
97544586
97544609
97544706
97544728
97544809
97544843
97544914
97544920
97544994
97545000
97545107
97545119
97545233
97545493
97545551
97545719
97545756
97545988
97546292
97546356
97546414
97546548
97546640
97546800
97546835
97546923
97546974
97547313
97547324
97547411
97547566
97547588
97547759
97547765
97547899
97548001
97548013
97548069
97548080
97548105
97548133
97548179
97548191
97548215
97548225
97548428
97548717
97548720
97548810
97548870
97549003
97549093
97549100
97549179
97549204
97549260
97549271
97549292
97549443
97549543
97549546
97549568
97549766
97549829
97550015
97550131
97550192
97550207
97550219
97550331
97550345
97550479
97550617
97550618
97550705
97550739
97550770
97550877
97550887
97550923
97550982
97550995
97551346
97551484
97551615
97551643
97551677
97551883
97551929
97552009
97552061
97552181
97552287
97552360
97552404
97552429
97552443
97552635
97552674
97552676
97552695
97552990
97553011
97553022
97553099
97553101
97553110
97553243
97553372
97553446
97553530
97553568
97553604
97553608
97553648
97553656
97553688
97553702
97553723
97553731
97553856
97553965
97554076
97554134
97554308
97554322
97554701
97554798
97554900
97555004
97555171
97555182
97555301
97555511
97555662
97555665
97555671
97555789
97555815
97555996
97556008
97556027
97556055
97556118
97556282
97556314
97556429
97556496
97556558
97556960
97557010
97557060
97557099
97557286
97557423
97557511
97557779
97557875
97557918
97557976
97558083
97558135
97558165
97558373
97558445
97558474
97558547
97558568
97558654
97558717
97558866
97558888
97559225
97559232
97559278
97559325
97559495
97559497
97559502
97559678
97559745
97559748
97560072
97560268
97560348
97560366
97560432
97560434
97560503
97560522
97560878
97560896
97560981
97561098
97561235
97561428
97561437
97561503
97561556
97561778
97561951
97562090
97562157
97562594
97562727
97562746
97562851
97562960
97563331
97563418
97563543
97563545
97563684
97563687
97563968
97564058
97564084
97564363
97564407
97564426
97564494
97564639
97564734
97564778
97564786
97564842
97564848
97565020
97565271
97565285
97565347
97565371
97565793
97565851
97565984
97566044
97566140
97566309
97566418
97566547
97566580
97566767
97566832
97566904
97566986
97567126
97567199
97567232
97567410
97567523
97567560
97567570
97567855
97568009
97568110
97568145
97568325
97568654
97568696
97568958
97569083
97569097
97569122
97569257
97569305
97569313
97569400
97569487
97569565
97569740
97569751
97569822
97569852
97570114
97570155
97570156
97570163
97570165
97570340
97570565
97570722
97570727
97570830
97570971
97571013
97571112
97571120
97571125
97571131
97571220
97571325
97571370
97571383
97571395
97571397
97571407
97571421
97571428
97571443
97571470
97571485
97571496
97571500
97571550
97571588
97571747
97571757
97571770
97571961
97571995
97572214
97572284
97572412
97572464
97572665
97572794
97572815
97572899
97572928
97573012
97573044
97573074
97573077
97573093
97573104
97573121
97573128
97573184
97573197
97573254
97573275
97573295
97573309
97573720
97573868
97574214
97574229
97574232
97574303
97574309
97574325
97574354
97574418
97574556
97574602
97574612
97574622
97574829
97574877
97574986
97574991
97575080
97575097
97575194
97575222
97575231
97575339
97575398
97575437
97575439
97575617
97575629
97575682
97575683
97575861
97575916
97575949
97576031
97576033
97576190
97576384
97576398
97576739
97576807
97576843
97576880
97577111
97577160
97577230
97577340
97577354
97577524
97577565
97577657
97577665
97577691
97577797
97577838
97578310
97578341
97578384
97578385
97578435
97578486
97578551
97578600
97578677
97578733
97578838
97578880
97578947
97579131
97579144
97579145
97579217
97579450
97579488
97579701
97579708
97579755
97579768
97579927
97580014
97580075
97580144
97580356
97580807
97580987
97581021
97581022
97581036
97581266
97581397
97581408
97581448
97581602
97581618
97581693
97581709
97581770
97581828
97581887
97582030
97582148
97582376
97582497
97582583
97582605
97582657
97582673
97582680
97582750
97582772
97582801
97582924
97583076
97583108
97583246
97583348
97583350
97583420
97583535
97583540
97583546
97583726
97583744
97583827
97583843
97583850
97583930
97584028
97584220
97584246
97584285
97584295
97584326
97584406
97584415
97584540
97584574
97584703
97584706
97584811
97584844
97584943
97584975
97585003
97585008
97585140
97585286
97585305
97585368
97585464
97585547
97585604
97585816
97585842
97585849
97585869
97585924
97586122
97586158
97586179
97586301
97586355
97586412
97586535
97586558
97586630
97586661
97586726
97586756
97586790
97586794
97586959
97586966
97587053
97587158
97587183
97587285
97587508
97587554
97587679
97587699
97587800
97587875
97587881
97587950
97588005
97588110
97588122
97588137
97588143
97588180
97588219
97588406
97588665
97588675
97588727
97588737
97588794
97588854
97588871
97588872
97588965
97588968
97589004
97589008
97589090
97589245
97589664
97589936
97589955
97589999
97590052
97590092
97590307
97590441
97590495
97590533
97590575
97590583
97590618
97590655
97590677
97590763
97590764
97590911
97590993
97591117
97591255
97591311
97591319
97591369
97591425
97591428
97591484
97591569
97591572
97591693
97591880
97591935
97592157
97592159
97592185
97592265
97592351
97592445
97592592
97592593
97592604
97592693
97592795
97592881
97592930
97593025
97593066
97593193
97593276
97593305
97593549
97593558
97593627
97593777
97593812
97593917
97593941
97593959
97594017
97594062
97594080
97594111
97594131
97594210
97594222
97594460
97594605
97594619
97594646
97594714
97595017
97595217
97595314
97595330
97595406
97595671
97595714
97595850
97596057
97596090
97596114
97596175
97596181
97596246
97596337
97596373
97596526
97596573
97596625
97596779
97596817
97596866
97596972
97597055
97597057
97597091
97597141
97597367
97597371
97597397
97597538
97597582
97597584
97597694
97597739
97598088
97598136
97598288
97598293
97598316
97598343
97598471
97598491
97598561
97598599
97598606
97598616
97598653
97598721
97598722
97598726
97598828
97598858
97598905
97598924
97598925
97598954
97599079
97599151
97599274
97599347
97599634
97599640
97599678
97599692
97599726
97599825
97599871
97600105
97600180
97600345
97600409
97600412
97600545
97600642
97600692
97600727
97600989
97601231
97601250
97601325
97601391
97601463
97601486
97601750
97601773
97601825
97602164
97602176
97602197
97602214
97602218
97602297
97602374
97602402
97602442
97602505
97602566
97602581
97602587
97602659
97602770
97602855
97602874
97602878
97602885
97602923
97602970
97602993
97603000
97603008
97603036
97603108
97603118
97603132
97603182
97603205
97603258
97603322
97603367
97603422
97603447
97603535
97603631
97603665
97603701
97603747
97603807
97603823
97603940
97603947
97603962
97603978
97604011
97604042
97604054
97604141
97604153
97604482
97604661
97604855
97604868
97604922
97604927
97605189
97605224
97605266
97605384
97605406
97605584
97605620
97605798
97605827
97605840
97605995
97606138
97606240
97606278
97606512
97606674
97606760
97606867
97606895
97606953
97607036
97607104
97607145
97607168
97607312
97607385
97607859
97607866
97607966
97608131
97608366
97608381
97608462
97608608
97608688
97608787
97608940
97608977
97609032
97609155
97609180
97609353
97609603
97609682
97609710
97609776
97610141
97610282
97610464
97610470
97610483
97610630
97610783
97610927
97611005
97611122
97611335
97611370
97611376
97611399
97611425
97611611
97611703
97611876
97612010
97612138
97612153
97612248
97612365
97612388
97612399
97612400
97612615
97612990
97613051
97613095
97613270
97613659
97613709
97613827
97613866
97613881
97613964
97613989
97614015
97614018
97614067
97614077
97614091
97614101
97614116
97614127
97614169
97614241
97614287
97614305
97614605
97614650
97614793
97614881
97615030
97615078
97615177
97615227
97615260
97615452
97615480
97615545
97615577
97615618
97615633
97615672
97615757
97615879
97616153
97616205
97616260
97616303
97616331
97616483
97616511
97616513
97616600
97616659
97616949
97616977
97617171
97617224
97617230
97617270
97617371
97617585
97617722
97617995
97618056
97618172
97618393
97618401
97618457
97618539
97618813
97618844
97618957
97618971
97619033
97619156
97619263
97619269
97619364
97619559
97619581
97619752
97619864
97619967
97620048
97620114
97620281
97620684
97620756
97620806
97620991
97621023
97621334
97621405
97621457
97621660
97621864
97622031
97622122
97622254
97622473
97622486
97622560
97622578
97622677
97622748
97622758
97622769
97622775
97622789
97622804
97622811
97622935
97622975
97623003
97623258
97623282
97623482
97623678
97623801
97623819
97623896
97623926
97624027
97624125
97624163
97624187
97624319
97624753
97624936
97625181
97625334
97625399
97625429
97625438
97625475
97625652
97625953
97625997
97626025
97626048
97626052
97626064
97626135
97626185
97626336
97626398
97626484
97626512
97626544
97626655
97626756
97626784
97626922
97626995
97627057
97627227
97627397
97627409
97627472
97627473
97627609
97627784
97627874
97627963
97628077
97628171
97628181
97628206
97628219
97628354
97628920
97629429
97629494
97629548
97629557
97629586
97629748
97629907
97630081
97630214
97630238
97630249
97630639
97630812
97630844
97630847
97630850
97631037
97631084
97631087
97631108
97631214
97631316
97631375
97631422
97631459
97631648
97631747
97631791
97631864
97631966
97631976
97632316
97632429
97632546
97632556
97632618
97632739
97632887
97633019
97633061
97633446
97633625
97633672
97633770
97633809
97633894
97634091
97634413
97634463
97634625
97634643
97634990
97635287
97635310
97635481
97635639
97635750
97635758
97635907
97635998
97636200
97636382
97636459
97636677
97636737
97637340
97637453
97637469
97637543
97637549
97637597
97637809
97638027
97638135
97638743
97638837
97638860
97639395
97639516
97639603
97639633
97640081
97640102
97640770
97640800
97641072
97641076
97641177
97641301
97641816
97641819
97642109
97642212
97642366
97642497
97642502
97642543
97642654
97642883
97643092
97643522
97643642
97643659
97643807
97643914
97644132
97644234
97644249
97644516
97644802
97644975
97645297
97645443
97645519
97645551
97645591
97645653
97645656
97645849
97646066
97646078
97646093
97646240
97646289
97646672
97647025
97647043
97647114
97647181
97647249
97647684
97647702
97647808
97647963
97648064
97648172
97648238
97648340
97648397
97648400
97648441
97648444
97648531
97648571
97648587
97648665
97648697
97648766
97649314
97649407
97649513
97649519
97649630
97649826
97649945
97650018
97650033
97650232
97650376
97650565
97650599
97650791
97650927
97651144
97651335
97651461
97651538
97651628
97651865
97652037
97652083
97652104
97652113
97652455
97652899
97653042
97653043
97653488
97654166
97654295
97655276
97655301
97655459
97655582
97655835
97656314
97656408
97656511
97657103
97657219
97657288
97657299
97657315
97657333
97657388
97658051
97658492
97658561
97658671
97658736
97658773
97658810
97658887
97658961
97659099
97659137
97659255
97659269
97659461
97659588
97659598
97659649
97659689
97659795
97659804
97659833
97659916
97660024
97660035
97660214
97660394
97660685
97661094
97661483
97661588
97662399
97662457
97662539
97662656
97663211
97663281
97663408
97663530
97663571
97663602
97663633
97663753
97663890
97663967
97664043
97664113
97664131
97664262
97664415
97664644
97664910
97665166
97665195
97665447
97666033
97666067
97666071
97666169
97666239
97666390
97666446
97666640
97666667
97666668
97666672
97667187
97667721
97667824
97668002
97668619
97668832
97668863
97668898
97668956
97669016
97669083
97669097
97669178
97669259
97669489
97669500
97669631
97669641
97669748
97669768
97670142
97670250
97670445
97670666
97670684
97670800
97670868
97670941
97670942
97671209
97671332
97671364
97671444
97671447
97671966
97672015
97672070
97672169
97672237
97672256
97672340
97672483
97672544
97672646
97672793
97672856
97673137
97673198
97673274
97673761
97673970
97674074
97674294
97675012
97675048
97675166
97675280
97675294
97675378
97675731
97675937
97675997
97676092
97676247
97676536
97676540
97676996
97677209
97677249
97677470
97677512
97677513
97677578
97677589
97677595
97678078
97678106
97678148
97678282
97678526
97678622
97678671
97678785
97678860
97678929
97679031
97679136
97679302
97679340
97679831
97679841
97680205
97680241
97680285
97680361
97680435
97680458
97680482
97680498
97680550
97680600
97680761
97680904
97680983
97681096
97681200
97681310
97681366
97681448
97681670
97681684
97681720
97681986
97682026
97682219
97682276
97682296
97682408
97682418
97682560
97682572
97682598
97682603
97682757
97682825
97682976
97683013
97683062
97683076
97683078
97683162
97683191
97683206
97683239
97683250
97683258
97683413
97683457
97683467
97683477
97683520
97683537
97683586
97683648
97683649
97683842
97683855
97683893
97684088
97684106
97684122
97684291
97684337
97684357
97684413
97684445
97684635
97684696
97684720
97684770
97685042
97685106
97685120
97685125
97685128
97685321
97685339
97685391
97685421
97685429
97685502
97685519
97685553
97685563
97685676
97685682
97685744
97685758
97685812
97685830
97685840
97685850
97685879
97686165
97686180
97686183
97686224
97686262
97686344
97686457
97686590
97686638
97686653
97686724
97686767
97686782
97686815
97687014
97687030
97687039
97687064
97687284
97687381
97687399
97687498
97687850
97688154
97688196
97688303
97688324
97688451
97688527
97688712
97688733
97688863
97689131
97689303
97689801
97689940
97689955
97690033
97690134
97690295
97690320
97690357
97690435
97690477
97690615
97690773
97690836
97690937
97690979
97691036
97691138
97691203
97691237
97691244
97691523
97692062
97692090
97692184
97692187
97692230
97692303
97692588
97692671
97692674
97692774
97692820
97692885
97692916
97692999
97693055
97693115
97693138
97693205
97693212
97693274
97693296
97693307
97693426
97693465
97693926
97693995
97694025
97694050
97694075
97694091
97694158
97694251
97694256
97694359
97694406
97694446
97694450
97694804
97694944
97695010
97695107
97695155
97695187
97695246
97695327
97695364
97695768
97695950
97696149
97696157
97696306
97696421
97696530
97696690
97696786
97696920
97696931
97697329
97697359
97697450
97697490
97697554
97697719
97697889
97697897
97697997
97698032
97698041
97698063
97698093
97698101
97698125
97698306
97698316
97698464
97698506
97698543
97698553
97698557
97698582
97698586
97698588
97698655
97698673
97698714
97698715
97698719
97698733
97698802
97698901
97699230
97699244
97699394
97699611
97699646
97699647
97699711
97699791
97699809
97699825
97699865
97699871
97699971
97699990
97700003
97700014
97700134
97700203
97700232
97700273
97700503
97700517
97700532
97700576
97700597
97700626
97700681
97700748
97700778
97700786
97700842
97700920
97701041
97701106
97701207
97701293
97701324
97701360
97701395
97701445
97701462
97701651
97701669
97701672
97701809
97701824
97701867
97701876
97701937
97702094
97702133
97702168
97702376
97702610
97702658
97702739
97702745
97702786
97702951
97703030
97703092
97703104
97703532
97703582
97703690
97703847
97703873
97703894
97704043
97704062
97704079
97704098
97704179
97704251
97704272
97704366
97704378
97704570
97704579
97704596
97704603
97704614
97704632
97704633
97704636
97704646
97704693
97704695
97704706
97704732
97704792
97704820
97704900
97704913
97704928
97704962
97705051
97705132
97705198
97705208
97705262
97705489
97705562
97705593
97705636
97705681
97705731
97705913
97706293
97706363
97706449
97706511
97706542
97706567
97706575
97706618
97706645
97706871
97706889
97706895
97706902
97706932
97706939
97707159
97707220
97707221
97707327
97707351
97707468
97707487
97707602
97707837
97708082
97708177
97708187
97708284
97708537
97708577
97708665
97708675
97708689
97709093
97709257
97709347
97709444
97709446
97709447
97709657
97709674
97709747
97709838
97709943
97710019
97710086
97710264
97710317
97710479
97710550
97710553
97710554
97710560
97710561
97710564
97710567
97710574
97710579
97710582
97710584
97710589
97710607
97710664
97710688
97710708
97711098
97711151
97711177
97711180
97711273
97711315
97711397
97711484
97711612
97711685
97711814
97711961
97712011
97712054
97712207
97712306
97712437
97712625
97712646
97712657
97713076
97713241
97713298
97713334
97713417
97713429
97713450
97713470
97713595
97713629
97713860
97713970
97713975
97713982
97713985
97714029
97714080
97714112
97714161
97714201
97714219
97714237
97714250
97714298
97714418
97714432
97714541
97714558
97714616
97714623
97714663
97714667
97714687
97714798
97714807
97714860
97714911
97714943
97714992
97715057
97715163
97715178
97715349
97715450
97715481
97715511
97715751
97715802
97715869
97716289
97716292
97716349
97716396
97716422
97716460
97716886
97716914
97716979
97717170
97717188
97717262
97717300
97717330
97717339
97717378
97717472
97717513
97717562
97717589
97717676
97717685
97717835
97717847
97718066
97718068
97718125
97718210
97718240
97718252
97718309
97718360
97718383
97718390
97718408
97718439
97718463
97718509
97718624
97718690
97718858
97718970
97719019
97719066
97719078
97719081
97719201
97719213
97719643
97719713
97719726
97719838
97719853
97719876
97719878
97719916
97719984
97720125
97720128
97720270
97720486
97720539
97720611
97720616
97720714
97720767
97720784
97720815
97720830
97720868
97720912
97721021
97721054
97721163
97721197
97721289
97721397
97721401
97721402
97721418
97721438
97721496
97721507
97721537
97721609
97721649
97721771
97721774
97721821
97721849
97721911
97721984
97722191
97722198
97722219
97722339
97722403
97722452
97722494
97722911
97722948
97722995
97723164
97723178
97723205
97723243
97723267
97723470
97723504
97723506
97723526
97723548
97723592
97723642
97723777
97723821
97723851
97723954
97723960
97723987
97724018
97724061
97724072
97724119
97724167
97724197
97724457
97724487
97724527
97724578
97724770
97724801
97724807
97724895
97724910
97725049
97725058
97725060
97725187
97725201
97725247
97725255
97725291
97725296
97725298
97725331
97725375
97725431
97725462
97725477
97725481
97725483
97725489
97725572
97725575
97725737
97725929
97725945
97725947
97725979
97725983
97726003
97726504
97726551
97726576
97726611
97726656
97726769
97726883
97726934
97726953
97726960
97726968
97727065
97727108
97727133
97727281
97727316
97727335
97727498
97727563
97727628
97727689
97727735
97727750
97727847
97728079
97728106
97728206
97728234
97728343
97728376
97728399
97728425
97728522
97728524
97728529
97728547
97728648
97728705
97728713
97728720
97728741
97728813
97728860
97728928
97728948
97728957
97729265
97729342
97729378
97729480
97729513
97729665
97729713
97729765
97729797
97729876
97729941
97730167
97730192
97730249
97730314
97730321
97730369
97730447
97730522
97730535
97730580
97730602
97730688
97730901
97730917
97731096
97731140
97731287
97731303
97731351
97731362
97731520
97731555
97731582
97731627
97731653
97731655
97731743
97731811
97731821
97731825
97731852
97731858
97731872
97731992
97732063
97732093
97732121
97732127
97732155
97732166
97732395
97732414
97732677
97732706
97732908
97733172
97733256
97733267
97733275
97733281
97733338
97733384
97733429
97733567
97733614
97733778
97733799
97733836
97733952
97734012
97734069
97734113
97734118
97734179
97734213
97734241
97734311
97734319
97734455
97734469
97734557
97734626
97734644
97734707
97734733
97734742
97734849
97734896
97734910
97734930
97734937
97734949
97735064
97735067
97735232
97735245
97735255
97735414
97735544
97735742
97735762
97735816
97735886
97735918
97735926
97735928
97735937
97735938
97735968
97735995
97736101
97736142
97736175
97736185
97736306
97736491
97736589
97736602
97736611
97736628
97736803
97736825
97736940
97737116
97737132
97737168
97737375
97737457
97737534
97737642
97737672
97737706
97737741
97737825
97737898
97737987
97738099
97738131
97738272
97738278
97738296
97738317
97738414
97738527
97738528
97738573
97738679
97738737
97738750
97739311
97739330
97739336
97739365
97739392
97739508
97739750
97739910
97740086
97740154
97740233
97740254
97740344
97740408
97740479
97740754
97740940
97741156
97741307
97741409
97741481
97741563
97741660
97741685
97741859
97742030
97742072
97742416
97742463
97742472
97742601
97742646
97742688
97742820
97742980
97743129
97743324
97743545
97743561
97743604
97743627
97743741
97743755
97743889
97743914
97744235
97744286
97744315
97744510
97744553
97744684
97744727
97744750
97744753
97744760
97744863
97745025
97745083
97745216
97745271
97745349
97745434
97745730
97745821
97745909
97745993
97746044
97746146
97746459
97746474
97746520
97746665
97746838
97746913
97747106
97747116
97747414
97747683
97747763
97747774
97747962
97748087
97748395
97748566
97748592
97748593
97748597
97748616
97748707
97748768
97748796
97749111
97749151
97749282
97749299
97749412
97749479
97750094
97750172
97750313
97750414
97750438
97750608
97750822
97750865
97751153
97751283
97751321
97751411
97751416
97751423
97751561
97751612
97751755
97751790
97751824
97751913
97752004
97752216
97752239
97752442
97752450
97752477
97752643
97752706
97752737
97752853
97752869
97753019
97753068
97753147
97753215
97753279
97753538
97753811
97753884
97753963
97753969
97754007
97754021
97754169
97754187
97754392
97754464
97754576
97754631
97754902
97755188
97755196
97755314
97755327
97755348
97755453
97755456
97755504
97755507
97755567
97755569
97755589
97755642
97755784
97755875
97755921
97755946
97756023
97756136
97756270
97756284
97756389
97756477
97756518
97756584
97756684
97756815
97756911
97756970
97757012
97757014
97757055
97757068
97757074
97757244
97757252
97757302
97757396
97757708
97757715
97757795
97757861
97757921
97757975
97758091
97758138
97758147
97758640
97758671
97758999
97759046
97759081
97759222
97759261
97759401
97759564
97759584
97759685
97759805
97760089
97760107
97760227
97760529
97760619
97760790
97760799
97761008
97761103
97761312
97761621
97761631
97761909
97761939
97761956
97761979
97762029
97762069
97762204
97762289
97762338
97762517
97762567
97762644
97762649
97762689
97763053
97763261
97763421
97763573
97763613
97763622
97763646
97763660
97763670
97763885
97763889
97763964
97764105
97764273
97764491
97764839
97764909
97765037
97765130
97765259
97765523
97765611
97765833
97765909
97766185
97766371
97766755
97767176
97767474
97767524
97767559
97767729
97767911
97768017
97768132
97768326
97768543
97768725
97768746
97768757
97769158
97769363
97769472
97769815
97769905
97769934
97770023
97770049
97770110
97770404
97770529
97770551
97771523
97772054
97772075
97772136
97772156
97772387
97772405
97772431
97772471
97772532
97772536
97772561
97772683
97772750
97772889
97772892
97773275
97773568
97773729
97773739
97773809
97773814
97773956
97774052
97774208
97774436
97774604
97774724
97774892
97775052
97775435
97775561
97775605
97776337
97776351
97776435
97776495
97776591
97776689
97776778
97776874
97777264
97777343
97777367
97778135
97778313
97778331
97778344
97778503
97778684
97778763
97778890
97779035
97779165
97779202
97779240
97779329
97779351
97779428
97779537
97779552
97780124
97780448
97780705
97781083
97781172
97781195
97781275
97781350
97781775
97781798
97781971
97782106
97782520
97782784
97782842
97782929
97783032
97783085
97783346
97783561
97783743
97783825
97783872
97784108
97784487
97784538
97784971
97784975
97785399
97785457
97786162
97786174
97786196
97786238
97786357
97786445
97786650
97787056
97787290
97788045
97788055
97788068
97788087
97788179
97789405
97790094
97790134
97790148
97790264
97790692
97790704
97791332
97791394
97791446
97791609
97791707
97791876
97792158
97792220
97792455
97792471
97792516
97792520
97792522
97792606
97792721
97792858
97793237
97793267
97793326
97793414
97793578
97793617
97793646
97793668
97793776
97793972
97794180
97794215
97794385
97794465
97794639
97794677
97794725
97794749
97794885
97795071
97795140
97795391
97795595
97795618
97795948
97796027
97796435
97796905
97796984
97797013
97797043
97797187
97797318
97797439
97797647
97797722
97797806
97797890
97797943
97798200
97798215
97798219
97798501
97798619
97798703
97798711
97798751
97799139
97799173
97799257
97799272
97800038
97800228
97800257
97800627
97801009
97801060
97801070
97801369
97801394
97801970
97802042
97802104
97802409
97802420
97802465
97802526
97802628
97802824
97802825
97802846
97802861
97802877
97803596
97803891
97804902
97805025
97805156
97805186
97805555
97805576
97805616
97805672
97805760
97805803
97805886
97806140
97806172
97806221
97806314
97806342
97806432
97806452
97806730
97806977
97807449
97807551
97807596
97807612
97807649
97807727
97807811
97808157
97808521
97808825
97809084
97809397
97810311
97811012
97811363
97811489
97811641
97811689
97812189
97812501
97812612
97812838
97812956
97813072
97813208
97813408
97813484
97813534
97813567
97813707
97813713
97814049
97814525
97814561
97814731
97814880
97815048
97815336
97815498
97815515
97815527
97815534
97815604
97815629
97815633
97815663
97815710
97815760
97816097
97816111
97816265
97816323
97816434
97816457
97816757
97817163
97817303
97817304
97817378
97817393
97817414
97817465
97817472
97817593
97817703
97817904
97817972
97818603
97818616
97818648
97818817
97819198
97819601
97819732
97819915
97819920
97820032
97820086
97820089
97820129
97820812
97820842
97821080
97821219
97821604
97821824
97821872
97822025
97822075
97822289
97822382
97822418
97822439
97822448
97822468
97822501
97822506
97822672
97823018
97823098
97823148
97823201
97823379
97823689
97824035
97824192
97824601
97824688
97824831
97825254
97825300
97825317
97825495
97825745
97825811
97825941
97826393
97826476
97826633
97826747
97827435
97827803
97827923
97827992
97828039
97828092
97828106
97828109
97828333
97828392
97828454
97828748
97828762
97828836
97829301
97829491
97829686
97830479
97830581
97830668
97830819
97831013
97831454
97831745
97832132
97832465
97832486
97832544
97832591
97832639
97832885
97833048
97833458
97833550
97834125
97834146
97834186
97834229
97834243
97834421
97834439
97834805
97835327
97835549
97835683
97835940
97835957
97836117
97836275
97836644
97837109
97837115
97837383
97837587
97837706
97837942
97838011
97838102
97838112
97838392
97838508
97838540
97838647
97838871
97838929
97838983
97839044
97839486
97839578
97839757
97839879
97839914
97840289
97840543
97840660
97840874
97840974
97841252
97841671
97842136
97842205
97842253
97842330
97842449
97842801
97842835
97843044
97843066
97843187
97843208
97843324
97844071
97844256
97844510
97844556
97844574
97844627
97844713
97844997
97845098
97845209
97845490
97845684
97845889
97846203
97846209
97846247
97846266
97846418
97846487
97846574
97846898
97846965
97846994
97847308
97847408
97847964
97848144
97848579
97848837
97849076
97849082
97849139
97849244
97849428
97849550
97849581
97849617
97849747
97850009
97850116
97850307
97850962
97851371
97851541
97851612
97851678
97851935
97851938
97852140
97852152
97852494
97853244
97853352
97853593
97853650
97853943
97854039
97854205
97854280
97854299
97854415
97854509
97854978
97855035
97855090
97855354
97855751
97855933
97856411
97856672
97857036
97857125
97857301
97857318
97857398
97857544
97857624
97857668
97857725
97857739
97857780
97858180
97858369
97858377
97858474
97858497
97858698
97858843
97858916
97858979
97859187
97859719
97859756
97860041
97860046
97860145
97860172
97860670
97860881
97861158
97861310
97861391
97861545
97861558
97861587
97861656
97861662
97862089
97862099
97862151
97862280
97862320
97862406
97862449
97862714
97862824
97862844
97863058
97863138
97863263
97863328
97863396
97863807
97863890
97863893
97864049
97864182
97864196
97864325
97864460
97864537
97864668
97864764
97864815
97865097
97865193
97865911
97865979
97866228
97866233
97866423
97866498
97866722
97866865
97866930
97867401
97867574
97867726
97867768
97868034
97868452
97868711
97868785
97868808
97868813
97868888
97868979
97869026
97869042
97869086
97869223
97869667
97869713
97869870
97869895
97870023
97870148
97870180
97870552
97870701
97870916
97871147
97871250
97871774
97871802
97872009
97872181
97872198
97872329
97872340
97872394
97872522
97872669
97873401
97873441
97873668
97873759
97873903
97873924
97874200
97874721
97874778
97874781
97874920
97874990
97875090
97875721
97875785
97875942
97876310
97876622
97876910
97876975
97877587
97877651
97877812
97878107
97878658
97878663
97878699
97879000
97879640
97879727
97879876
97879920
97880116
97880534
97880797
97880872
97880899
97880990
97881306
97881447
97881525
97881997
97882155
97882276
97882592
97882757
97883656
97884509
97884958
97884965
97885142
97885211
97885380
97885384
97885628
97885930
97885961
97886829
97886916
97887116
97887167
97887238
97887364
97887461
97887493
97887975
97888086
97888093
97888278
97888345
97888372
97888486
97888510
97888962
97889191
97889535
97889679
97890026
97890051
97890146
97890199
97890417
97890440
97890724
97891683
97891774
97891840
97891842
97892059
97892095
97892232
97893024
97893062
97893933
97893948
97894047
97894235
97894494
97894583
97894867
97894921
97894926
97895076
97895254
97895350
97895446
97895519
97895634
97895804
97895951
97896014
97896021
97896179
97896196
97896381
97896449
97896534
97896597
97896800
97896931
97896995
97897080
97897119
97897195
97897365
97897396
97897498
97897577
97897578
97897636
97897763
97898003
97898248
97898261
97898333
97898511
97898898
97898901
97899088
97899213
97899578
97899655
97899776
97899811
97900025
97900400
97900585
97900631
97900646
97900809
97900958
97901118
97901272
97901292
97901414
97901892
97902473
97902544
97902752
97902854
97902974
97903074
97903191
97903217
97903240
97903243
97903268
97903303
97903373
97903633
97903671
97904179
97904275
97904364
97904503
97904542
97904743
97904748
97904966
97905014
97905087
97905238
97905277
97905467
97905496
97905638
97905727
97905799
97906039
97906044
97906392
97906460
97906822
97907024
97907109
97907340
97907341
97907424
97907493
97907655
97907670
97908099
