98205002
98205002
98205002
98205002
98205002
98205002
98205002
98205002
98205002
98205002
98205002
98205002
98205002
98205002
98205002
98205002
98205002
98205002
98205002
98205019
98205019
98205019
98205019
98205024
98205024
98205024
98205024
98205024
98205033
98205033
98205033
98205033
98205109
98205109
98205109
98205348
98205348
98205348
98205348
98205469
98205469
98205469
98205528
98205528
98205528
98205528
98205841
98205841
98205841
98206061
98206061
98206061
98206061
98206183
98206183
98206183
98206183
98206335
98206335
98206335
98206335
