10519701
12237615
12441584
15591364
15592031
16180058
16198429
16661772
16774433
17386637
18472138
18675494
18851372
19281509
19347202
19589342
21086973
21349661
21883410
21915960
22371439
22593858
23248451
24571853
24649469
25076484
25320277
25382086
25586944
25657229
26094412
26982325
27045251
27740648
29809934
32197274
32225240
33388376
34565450
34857876
35388194
35730094
35809960
36001118
36057896
37157388
37179870
37677726
37681034
38337954
38495396
39209244
39356130
39417438
39477114
39795376
40348748
40721520
40768792
40937008
41060588
41484116
42185138
42201082
43330140
44112144
44407818
44518622
45662922
46759026
46772794
46773506
46825156
46960280
47104100
47664170
48606098
48739578
48775806
49076912
49219230
49226678
50281862
50282546
50686348
50699446
50777542
50922160
50988770
50989530
51164636
51206388
51208598
51371444
51631746
51982544
52091674
52149508
52296882
52309188
52321632
52331594
52392484
52559206
53036578
53123334
53275470
53622696
53671626
53723084
54059276
54169658
54197856
54732786
54751122
54766492
54889522
54938606
55217210
55434518
55618936
55806666
55821526
55862784
57277750
57351034
58008126
58024418
58467976
58566798
58673320
58686876
58699690
58887132
59067644
59221452
59239294
59486588
59487116
59487640
59509914
59743182
60058876
60068444
60082620
60229414
60234624
60531878
60714216
60719146
60817948
60819578
60864856
60876876
61068370
61099246
61103088
61438162
61442068
62048560
62065184
62070302
62071432
62080490
62239456
62303268
62371622
62374770
62505930
62688614
62730664
62772878
62821894
63092156
63179322
63182028
63204362
63497530
63726318
63827286
63839642
64295556
64479242
64648936
64871620
64961006
65190980
65553654
65629438
65689830
65750938
65875872
65940144
65946932
65963794
65984464
66772702
66778072
66890236
67003706
67245592
67250604
67397306
67407798
67511648
67542528
67645572
67680802
67751080
67829356
67852544
67913938
68048926
68113730
68191908
68211374
68329672
68558760
68589288
68631528
68721306
68747974
68787348
68803132
68908680
69138932
69174204
69221186
69259104
69281164
69285890
69298306
69369942
69441290
69503054
69521858
69643922
69811732
69936946
70058934
70448194
70514460
70521696
70698986
70773692
70844610
70862498
70900442
70947602
70981720
71069532
71259014
71276600
71310876
71322934
71386574
71429096
71431386
71443384
71718782
71794960
71837028
71920232
71963898
72044414
72096990
72185520
72312326
72485686
72562682
72584528
72595366
72635300
72710420
72736356
72782820
72801564
73059670
73104892
73157946
73311518
73402794
73457122
73460890
73479252
73502828
73503702
73525272
73593928
73622146
73803484
73837786
73861028
73881220
74061992
74083474
74098322
74166074
74201392
74202234
74204270
74312786
74334054
74349228
74351600
74415316
74441098
74628860
74932562
74936880
75182852
75223678
75249058
75255832
75399562
75428364
75446872
75472526
75530994
75830818
75947918
75983442
76076328
76240260
76289604
76386954
76408784
76441260
76449678
76493578
76511598
76521156
76539946
76556840
76565158
76587934
76762120
76907566
76922676
76982646
77019596
77076342
77225652
77382636
77382850
77555944
77570726
77958026
77994434
78134914
78218610
78235122
78239220
78246222
78296760
78315118
78331958
78333956
78349006
78354978
78375802
78451410
78535276
78571976
78635372
78729700
78781354
78798936
78844170
78846776
78863212
78891288
78959544
78979766
79142574
79142836
79227440
79231148
79246118
79247690
79275844
79358330
79408942
79562928
79572988
79576710
79594748
79594974
79621524
79722934
79794720
79846858
79859604
79956516
79998338
80067962
80126738
80212800
80307762
80314500
80383040
80609520
80681574
80722892
80731014
80748662
80939978
80997464
81004274
81208798
81261282
81324894
81385112
81620530
81622700
81627480
81661238
81707676
81712406
81712986
81842846
81927650
81934490
82121628
82138730
82209476
82314834
82351170
82371696
82375964
82410842
82423940
82470262
82510486
82622270
82831160
82944404
83058916
83058936
83071586
83104330
83127758
83142590
83146658
83195408
83200724
83305828
83332326
83410274
83439384
83489608
83553396
83735448
83900634
83903014
83956328
83960060
84240986
84420836
84610332
84618516
84658400
84673278
84724656
84727684
84758894
84818348
84830140
84840504
84877092
84939364
84958292
85009324
85020820
85028336
85071010
85162162
85201222
85470988
85542212
85783642
85819046
85845416
85878818
85880450
85891158
85897010
86079126
86090466
86115008
86115636
86170522
86174440
86180676
86181125
86183336
86212769
86231959
86280127
86308599
86315049
86316072
86385061
86394931
86408188
86432996
86438352
86528386
86544787
86567209
86588775
86600045
86611329
86639411
86686784
86688448
86710099
86727693
86761005
86766464
86766559
86815281
86826259
86828795
86872289
86873305
86882474
86907177
86915276
86928666
86942274
86942829
86943461
86965504
86974492
86984378
86993683
87008153
87022792
87044728
87050214
87082142
87105723
87106874
87158176
87168323
87172246
87185126
87191397
87226570
87259884
87271845
87285240
87293045
87309843
87357710
87360542
87370105
87380397
87410083
87426542
87439786
87439969
87449898
87462763
87468060
87469915
87518485
87539260
87590024
87599641
87608689
87633429
87659627
87664108
87677939
87775099
87782258
87782366
87804682
87824215
87829506
87833838
87849479
87867280
87867365
87887756
87939827
87946292
87971940
87981342
87994887
88024875
88025540
88033366
88047523
88053379
88078960
88100130
88106276
88121124
88139668
88143513
88150379
88171001
88173804
88194602
88198422
88217284
88242887
88272072
88294031
88298944
88349045
88361880
88442462
88453992
88459349
88468980
88491026
88494483
88497872
88501173
88514438
88591093
88597122
88617325
88646615
88651096
88652203
88653593
88664037
88664053
88664090
88664113
88674595
88694927
88714758
88749769
88766379
88766676
88774302
88775543
88788306
88796101
88839156
88840457
88841647
88865531
88887447
88895050
88896162
88909171
88909282
88909681
88918829
88921450
88926699
88944258
88950702
88972669
89027913
89033887
89039517
89041140
89042632
89052103
89086974
89116155
89131389
89138874
89147134
89156940
89172702
89227026
89227061
89236361
89242542
89255328
89272317
89281709
89285507
89306083
89318042
89322259
89327909
89348737
89368486
89376553
89390580
89422629
89429902
89443682
89451749
89460685
89466801
89477331
89479843
89490158
89505574
89527599
89557445
89559245
89580181
89584021
89626671
89638433
89647869
89658703
89717818
89728944
89754234
89820336
89820888
89822931
89827402
89832331
89845960
89855016
89857220
89917586
89923106
89972483
89972813
90030491
90041299
90048813
90049199
90050052
90071442
90107130
90110155
90111212
90121010
90123851
90124380
90128235
90148367
90166121
90179925
90180592
90197713
90210251
90254233
90262736
90273095
90274436
90284091
90287889
90291281
90291448
90292798
90292838
90293842
90304289
90316688
90317785
90330463
90336177
90346906
90359837
90368484
90386436
90390094
90390451
90393366
90397198
90404326
90410695
90421883
90469066
90499366
90502815
90508058
90513882
90538295
90547748
90551490
90552381
90555186
90556231
90568464
90568631
90571233
90581096
90618523
90698930
90705346
90708267
90722313
90723380
90740170
90746065
90771796
90774344
90792919
90820894
90825248
90848752
90869313
90870902
90871561
90873508
90879104
90886538
90899989
90928150
90931313
90969035
90975561
90981067
90985509
91002031
91032759
91043051
91051477
91058210
91084226
91093798
91096586
91117581
91122909
91137885
91140544
91144927
91148162
91153178
91161008
91162822
91170131
91193467
91205232
91213049
91231095
91251897
91255148
91259533
91259792
91271341
91274935
91312685
91314674
91315083
91337597
91342150
91342221
91355430
91359951
91381155
91384345
91391448
91406387
91408293
91415195
91420191
91420244
91503770
91504864
91548391
91563652
91576234
91599917
91654202
91672059
91676747
91688432
91691093
91694727
91703598
91704018
91727654
91731827
91738592
91814536
91827539
91856064
91865320
91865802
91866336
91871854
91884092
91928082
91959397
91962822
91970501
91988096
91992991
92007839
92008196
92017737
92022378
92074019
92087516
92093658
92105599
92106310
92107805
92109145
92115007
92115531
92117979
92125384
92154236
92160716
92162051
92179160
92182635
92187022
92187913
92195483
92199885
92200394
92220257
92225186
92229844
92233665
92236318
92239563
92268378
92269619
92275172
92298105
92300733
92302031
92304362
92310404
92318471
92319600
92323201
92323678
92338248
92345584
92358852
92365368
92372609
92387915
92391096
92398538
92402520
92411678
92430924
92435963
92438467
92439708
92476597
92479360
92480960
92483888
92490941
92496015
92503421
92508591
92530901
92533888
92541880
92548399
92556118
92573137
92583035
92583977
92584450
92589466
92599499
92600233
92603290
92606267
92606601
92607188
92612034
92612478
92614887
92617428
92618171
92619027
92632444
92652215
92656011
92662198
92667111
92670942
92671403
92672118
92673588
92674465
92678688
92678750
92678969
92696145
92707530
92709081
92709865
92714439
92718317
92722990
92731197
92732647
92747710
92756802
92758890
92763208
92770654
92775623
92777651
92785014
92789246
92790036
92796483
92803791
92805525
92806419
92818967
92825310
92827283
92830163
92830662
92832872
92834095
92840579
92842214
92842322
92846623
92849601
92850311
92858185
92861097
92873836
92878569
92882427
92884977
92888782
92891389
92891830
92896622
92898011
92899362
92899753
92904838
92908460
92915920
92922112
92924994
92951310
92953589
92954102
92958579
92958881
92966244
92972409
92990414
92995858
92997222
93009032
93037240
93064780
93074202
93083596
93102136
93111507
93112808
93116909
93119707
93123513
93131805
93134286
93134666
93135417
93137698
93180345
93190286
93199219
93199415
93199860
93207650
93243054
93254512
93255840
93267637
93288575
93303908
93323414
93323628
93324582
93328793
93328963
93331287
93331484
93349826
93358091
93371164
93372810
93374805
93387729
93393301
93398552
93418561
93429920
93429963
93432719
93437796
93443991
93451080
93454558
93457391
93468488
93474292
93495458
93504788
93507258
93512710
93517152
93522843
93524005
93525528
93528660
93551488
93555737
93569285
93573257
93576212
93576793
93579474
93581075
93592476
93598143
93599155
93600182
93602887
93603638
93605296
93605575
93609972
93611001
93613199
93615495
93618610
93620805
93624033
93625975
93628954
93642452
93648435
93660929
93673425
93683492
93683969
93686207
93691755
93715385
93720155
93733107
93734160
93743550
93750527
93760740
93763651
93764523
93766272
93775555
93776981
93777414
93784115
93791471
93793459
93794971
93801425
93806579
93807570
93820997
93826401
93827863
93831891
93834356
93844315
93858619
93865193
93866214
93870912
93877467
93883164
93891741
93898469
93898473
93901554
93903149
93903794
93915430
93916179
93917299
93917704
93930009
93930535
93931950
93939071
93939608
93951632
93955640
93970146
93972452
93986640
93987893
93989363
93995561
93996609
94001654
94005281
94006874
94012115
94019513
94019801
94021856
94033453
94037445
94038840
94040716
94044586
94045415
94048230
94054890
94057148
94060735
94061184
94061610
94062767
94063176
94073672
94095497
94100022
94100140
94125539
94137451
94149070
94152354
94159312
94174081
94176879
94177361
94198252
94199245
94199340
94206542
94208963
94212908
94213932
94214514
94216578
94217436
94218373
94220244
94225444
94226645
94228514
94237352
94238631
94245592
94250545
94250798
94253812
94254017
94256312
94267197
94273230
94282276
94288865
94292206
94294107
94297532
94302807
94303813
94304880
94305374
94310030
94310820
94312800
94317211
94324389
94338445
94341666
94342800
94344103
94348943
94349501
94355326
94364209
94366780
94366963
94367116
94373790
94382283
94385349
94390932
94391350
94393603
94402477
94405844
94412178
94417658
94422320
94424235
94424472
94425318
94434293
94434606
94435651
94444276
94444550
94448037
94450747
94458504
94461900
94464898
94468598
94468726
94470028
94470885
94471101
94474922
94478481
94479653
94481679
94488872
94489155
94491187
94491301
94492861
94501749
94512153
94524687
94525726
94537887
94537968
94538702
94540235
94544489
94552949
94554743
94572317
94575531
94575928
94577034
94577258
94579095
94582774
94583478
94583746
94586664
94597661
94598729
94598860
94599417
94599428
94609514
94610222
94615336
94615630
94619295
94621188
94645949
94650536
94650580
94651244
94660582
94661002
94665751
94669664
94674518
94674709
94675965
94677531
94679451
94681572
94693830
94694492
94701982
94703910
94706619
94710633
94720979
94724212
94725973
94726104
94731524
94735918
94736280
94739557
94763824
94767557
94769498
94775811
94784426
94787143
94787713
94794760
94802486
94804937
94804956
94821461
94822021
94826326
94826918
94827125
94854733
94855153
94859219
94860550
94868956
94869193
94869533
94874049
94874271
94875279
94877880
94901488
94909863
94914445
94915366
94919762
94922544
94928866
94938798
94940070
94943886
94944974
94949025
94953148
94954892
94961216
94972991
94979644
94981149
94981929
94995906
94998216
94999111
94999391
95001022
95002214
95002506
95002738
95003582
95004855
95004858
95006249
95006869
95019106
95024827
95025590
95027651
95028569
95029782
95031013
95031066
95031691
95032923
95037382
95037678
95042227
95043705
95051498
95052689
95054543
95056104
95059739
95059996
95070148
95076328
95092635
95093579
95094299
95100970
95103820
95104880
95107677
95107733
95107798
95108075
95112433
95113333
95122433
95129148
95130853
95131275
95134107
95136101
95136210
95148103
95148781
95150228
95158589
95160939
95162611
95164932
95164936
95165774
95166753
95168173
95168498
95168948
95169244
95170214
95170908
95172187
95173322
95173330
95173967
95175787
95179752
95181514
95182268
95182819
95183966
95192352
95192540
95195323
95201818
95202788
95203563
95206329
95209266
95210248
95211297
95212590
95214149
95219615
95221475
95221550
95222472
95224961
95226846
95229330
95229760
95237638
95238080
95241302
95241723
95241827
95247486
95251444
95256787
95257830
95260134
95260506
95261466
95261999
95262271
95263013
95264401
95265538
95276741
95277817
95280383
95281076
95283752
95284961
95288545
95288947
95290273
95291348
95294066
95294086
95295348
95296603
95298131
95299380
95300687
95303274
95305479
95307172
95311019
95313844
95314110
95317146
95318416
95320961
95321044
95322149
95323716
95325591
95325836
95338261
95345354
95346625
95347781
95352642
95353786
95353928
95354612
95356350
95357289
95358597
95358628
95376159
95376950
95381638
95383468
95386599
95390516
95392556
95395820
95401587
95404454
95404868
95427914
95428842
95430850
95431050
95432918
