10541430
10942522
11823040
11828235
12030146
12093755
12256407
12596438
12596590
12597047
12597397
12683181
13223646
13357844
13618241
14073938
14125270
14137046
14161862
14742679
14860321
15032542
15086346
15118716
15141278
15163360
15187520
15296441
15529084
15548188
15649432
15819791
15819951
15831642
15970357
16198525
16306675
16661794
16661984
16751890
16767928
17062315
17289403
17290000
17622951
17647115
17816709
18312831
18560469
18560642
18636660
18637871
18711726
18763210
18806652
18856080
18956179
19346754
19531164
19534949
19799958
19883976
20058771
20522740
20706418
20708751
21003299
21019413
21114832
21194845
21476971
21477255
21482185
21532395
21538338
21578441
21667944
21672166
21890116
22175345
22244288
22321403
22335593
22416667
22656427
22705735
22707529
22890514
23012151
23105860
23314974
23341439
23442969
23476512
23625729
23783300
23809738
23830376
23879428
23887080
23938450
24047905
24067422
24084689
24250158
24390947
24622443
24636049
24637739
24640285
24694037
24771716
24900909
24953287
24969221
24993228
25008744
25020672
25142995
25147453
25151472
25197119
25240321
25373519
25374437
25395006
25400401
25406890
25473707
25498751
25511352
25568030
25602886
25625107
25720451
25755469
25772183
25815083
25844882
25845185
25990996
26121843
26126817
26344392
26370363
26371330
26371373
26371489
26503529
26524301
26551791
26593959
26806875
26822199
26902765
27079840
27096816
27165268
27221990
27326971
27565048
27565742
27614464
27621090
27641934
27650094
27839628
27882194
27905296
27914952
27994756
28148952
28325724
28410152
28417896
28490644
28630138
28634828
28815960
28816798
29014168
29021292
29219562
29294872
29417620
29448972
29703324
29728994
30154148
30217874
30556808
30615378
30708070
30926608
31125868
31126254
31268406
31354440
31424632
31560764
31800410
31989118
32263244
32263284
32352560
32403692
32406678
32651572
32657114
32958994
33163758
33178878
33221272
33387524
33492712
33717574
33866168
33908108
33948476
34013132
34074728
34148746
34177226
34203952
34205258
34339288
34354728
34391396
34533776
34721442
35071880
35177576
35295078
35545694
35647346
35732416
35742354
35956952
35989348
36014246
36017922
36093782
36143806
36189346
36221392
36281242
36283838
36395830
36567690
36750186
36780310
36781778
36839068
36942772
37117284
37200952
37312452
37361186
37417244
37476372
37477050
37478228
37606644
37655224
37833650
38014240
38119994
38210674
38377072
38548618
38552558
38610130
38616786
38755340
38907176
38980940
39034334
39275190
39539036
39549744
39630924
39655788
39746358
39761092
39901492
40017722
40026316
40068612
40116386
40376006
40587684
40687276
40699482
40783248
40813878
40862180
40938070
40967344
41020876
41167506
41191900
41283078
41350062
41359706
41410852
41440772
41582060
41638360
41675042
41677014
41686914
41762236
42051658
42071848
42182900
42477182
42478168
42549672
42573920
42691654
42845138
43265136
43268864
43482724
43489824
43520618
43593734
43640788
43687954
43723716
43764712
43904978
43938008
43940108
44071470
44074956
44077870
44086142
44102872
44148994
44265416
44307378
44327174
44472414
44533652
44535110
44595632
44609024
44740154
44758050
44851668
44928800
45044840
45080438
45225156
45260650
45346026
45476070
45500172
45645080
45873642
45888058
45903886
45905312
45931442
45941340
45970016
45999482
46050746
46124900
46196348
46209504
46213336
46244834
46370982
46373260
46542120
46548164
46568278
46617168
46788780
46805684
46869428
46894728
46919510
46942454
46999452
47093646
47150834
47179114
47179150
47210984
47219418
47310980
47338178
47359712
47360298
47365370
47490042
47559104
47642864
47643968
47838600
47839638
47868240
47899562
47920390
47963494
48035270
48155866
48267518
48277436
48287170
48317890
48478086
48504792
48514772
48532738
48560524
48573344
48574628
48574872
48575940
48589680
48606472
48614572
48620846
48636994
48828756
48951390
48995274
48999100
49037910
49052710
49100686
49102722
49134396
49191882
49250366
49347738
49477556
49525782
49559672
49565336
49572432
49622464
49642736
49644196
49667454
49702700
49716864
49725060
49798940
49823080
49842892
49891854
49895852
49903286
49963492
49993268
49993640
49996600
50034130
50035292
50053412
50128064
50128534
50134766
50142052
50143710
50144382
50147256
50154330
50160672
50202496
50205796
50270686
50387312
50437642
50530516
50532006
50539056
50583096
50639654
50675500
50737662
50737768
50744682
50753926
50792796
50836042
50842562
50894220
50919466
50920478
50922726
50998834
50999984
51028940
51035764
51054820
51060046
51166384
51171384
51198222
51203408
51203456
51218688
51229696
51238824
51274174
51317164
51369208
51467618
51499148
51499626
51557968
51642816
51642864
51643094
51681128
51740382
51767416
51774908
51876920
51921740
51943172
51992270
52017110
52041492
52150398
52222004
52245786
52255742
52404502
52442432
52583188
52585314
52675524
52684334
52697000
52726814
52880608
52901944
52931700
52948894
53050112
53122818
53123554
53123642
53156708
53195984
53201222
53242656
53254988
53280160
53369032
53504692
53512848
53515180
53523058
53532054
53603782
53622424
53722958
53728604
53742096
53810968
53824340
53874254
53989392
54029982
54133284
54207596
54310464
54318304
54322004
54386336
54394522
54478646
54484410
54495760
54579590
54583708
54584934
54588596
54589244
54648234
54687932
54723732
54742840
54758732
54801282
54891392
54904392
54927522
54976676
55091172
55118150
55207932
55235488
55288228
55289240
55407016
55410994
55425560
55429904
55429920
55434408
55434524
55434620
55434624
55496652
55507180
55507204
55537738
55593572
55715150
55717620
55760490
55780068
55780270
55794624
55817542
55832696
55898848
56064304
56165314
56186574
56188932
56242858
56247022
56248898
56411902
56428804
56484348
56511318
56532082
56585268
56620608
56628028
56662726
56701214
56719194
56786990
56808760
56809358
56819890
56876594
56897056
56898910
56938360
57045212
57185216
57215920
57249678
57308428
57325572
57403718
57446500
57446982
57459908
57566042
57588980
57631854
57648344
57699720
57749400
57758352
57760776
57802458
57822922
57955838
57969800
58019160
58021146
58026522
58041758
58115460
58151856
58214738
58335902
58368848
58376612
58386484
58398132
58398274
58458720
58595696
58599666
58640448
58688012
58807118
58862368
58922178
58928542
59024442
59029706
59032342
59100268
59171346
59190656
59191190
59197778
59290456
59291804
59388932
59403578
59467170
59533586
59624168
59636656
59659828
59683304
59889036
59935612
60002538
60034304
60063608
60074986
60122018
60122926
60145364
60202900
60204614
60225348
60295774
60338738
60440188
60505632
60530658
60538568
60601472
60640752
60654684
60660644
60664714
60703742
60709712
60771904
60819248
60905034
60909718
60916678
60948720
61101312
61179410
61217620
61223046
61231694
61253490
61298472
61341624
61367188
61408310
61412810
61422754
61435682
61442058
61484518
61532642
61580118
61588702
61590618
61605534
61633772
61651520
61690732
61698128
61731232
61738156
61741688
61779758
61789996
61815506
61830498
61842086
61865206
61903538
61959788
61964618
62031836
62035068
62037416
62050404
62052128
62076846
62079856
62197046
62256746
62262954
62488770
62537918
62557982
62579570
62597294
62599884
62602238
62605842
62625230
62904456
62924088
62927100
62944624
62997550
63083140
63095536
63115904
63208464
63216534
63299544
63309772
63331264
63332314
63339136
63389308
63393044
63456836
63458244
63483562
63489626
63491468
63500398
63509160
63520970
63532024
63572214
63583108
63634238
63718122
63802074
63820734
63841116
63907018
63940210
63966212
63980394
64033414
64083000
64104958
64132318
64143690
64191722
64194710
64196992
64268116
64438746
64448868
64471320
64527694
64537158
64611890
64650180
64727000
64730658
64753680
64789204
64803512
64804910
64853288
64879300
64927536
64939038
64986304
65062714
65070670
65083086
65100806
65145888
65218632
65276912
65291392
65327380
65330836
65332266
65346888
65364362
65374616
65378418
65383486
65389268
65389446
65408536
65411074
65460880
65479810
65519730
65552366
65559526
65571514
65604376
65657412
65662834
65682854
65697846
65711642
65713964
65728948
65789766
65793858
65817714
65820326
65836350
65869616
65871118
65873222
65889348
65913886
65934672
65990552
66123158
66135664
66213566
66251582
66264672
66326046
66336328
66351196
66354362
66392908
66424596
66438784
66469986
66505726
66505772
66566608
66579084
66626180
66632950
66633704
66663280
66709008
66719534
66734298
66738106
66739142
66760002
66831314
66937042
66971166
66971368
67011284
67031514
67053456
67085154
67156958
67163354
67175786
67176416
67202734
67210022
67222036
67243646
67289366
67320480
67371342
67375342
67385586
67390456
67390460
67392196
67416190
67454306
67472712
67532226
67532736
67540716
67543480
67552448
67569874
67590604
67601576
67617018
67617220
67645102
67675426
67808832
67816484
67873552
67878794
67878984
67976510
68014028
68056458
68068036
68134712
68137278
68188098
68217296
68231200
68258460
68259574
68315994
68358846
68360986
68367556
68433328
68445698
68499254
68517812
68520912
68538810
68571162
68574672
68668572
68688564
68705750
68718630
68739320
68741454
68759142
68766586
68782374
68785202
68797216
68805542
68810874
68886174
68921150
69001308
69004564
69036388
69049368
69069074
69115968
69126524
69187486
69227558
69237728
69244808
69302170
69304574
69315414
69334730
69366860
69403736
69404918
69462662
69465924
69488278
69504698
69507106
69528256
69541952
69552332
69558080
69576526
69597852
69633742
69655132
69779806
69809352
69817732
69818866
69832594
69846274
69865066
69915472
69919366
69927206
69936790
69944572
69993114
70002764
70042202
70060786
70066008
70081954
70163792
70198664
70198772
70261618
70278126
70307204
70314370
70335226
70344448
70352088
70398750
70405462
70431976
70436248
70541190
70550266
70652170
70658172
70674852
70708546
70710602
70719512
70730638
70745694
70748674
70751154
70776998
70803418
70831386
70834604
70836856
70854194
70875756
70882162
70887092
70948480
70965238
70979586
71047774
71128532
71215606
71255810
71256508
71258250
71283160
71317504
71344386
71368820
71406378
71440116
71487970
71519048
71563364
71619526
71676098
71808250
71824144
71830622
71849100
71855620
71858290
71906572
71924328
71940054
71996444
72002610
72022772
72052444
72063282
72089904
72117056
72176426
72177810
72243742
72254266
72292698
72294462
72315320
72395570
72395598
72398822
72425806
72432104
72466068
72468886
72489618
72494312
72512944
72588874
72592016
72708104
72708364
72736300
72770710
72776576
72783284
72798512
72815954
72837156
72868450
72878378
72901322
72912232
72963924
73018016
73054566
73082520
73101582
73144888
73146276
73159092
73168784
73216126
73234866
73248494
73272698
73350938
73384426
73397446
73408928
73542292
73545316
73606146
73629502
73631012
73640938
73676782
73706090
73712872
73713810
73722098
73726970
73753590
73767192
73768194
73771326
73785714
73787872
73798712
73831134
73832656
73857814
73881434
73886662
73926416
73934408
73954130
73967338
73984952
73995118
74016924
74049748
74059498
74060916
74088722
74090774
74095792
74119360
74152036
74156940
74163660
74169660
74175262
74187768
74204598
74212908
74239184
74256386
74257716
74273134
74287054
74296358
74305116
74308462
74333978
74350294
74377482
74402818
74420094
74435046
74494580
74511508
74563550
74563644
74577352
74580940
74581638
74587728
74593292
74606952
74611518
74638988
74640252
74646364
74653566
74672454
74681602
74746188
74779012
74785122
74788328
74811868
74828942
74835280
74846810
74861432
74931690
74940446
74942592
74949030
74975290
74987888
75008944
75009778
75018084
75034502
75043920
75066304
75087314
75096354
75108970
75144750
75165370
75180682
75289418
75294786
75295598
75296456
75308870
75311322
75320890
75338642
75378990
75382804
75383798
75424098
75427466
75472028
75473190
75477622
75514266
75517390
75517444
75524288
75537896
75539640
75543314
75557068
75576960
75637470
75700874
75702902
75725816
75739198
75813934
75856546
75871164
75885516
75912984
75959592
75999280
76052524
76074042
76081340
76110898
76213290
76219244
76219914
76225738
76236234
76247924
76261494
76272258
76284444
76284762
76311500
76338434
76358152
76370674
76402064
76418488
76426184
76457242
76482790
76488520
76488918
76499440
76540942
76544694
76548560
76586930
76589260
76628616
76731068
76734366
76762126
76772012
76805110
76813178
76829002
76833266
76838584
76847088
76858640
76876062
76930538
76934024
76989594
77003396
77006796
77007784
77023378
77045250
77075008
77075268
77109192
77113784
77145000
77165612
77169788
77185078
77200194
77207286
77287320
77309458
77319044
77321476
77345580
77350244
77367788
77390194
77400556
77406790
77434336
77442584
77453538
77453724
77463730
77479364
77496916
77560866
77564352
77573576
77575652
77622004
77629488
77641076
77677806
77694308
77701626
77746618
77748144
77751230
77758294
77764864
77790546
77798704
77835972
77847672
77939058
78012120
78051538
78074406
78096846
78111488
78146398
78147008
78148018
78149676
78159116
78206276
78209690
78214116
78214482
78249574
78255426
78264606
78268764
78289142
78297142
78307918
78327242
78330872
78370150
78430660
78434870
78453120
78482418
78555308
78558018
78577172
78579920
78582560
78587134
78588046
78592040
78598432
78600466
78690984
78694796
78695366
78704342
78704684
78704714
78708700
78710914
78724826
78727634
78733948
78758554
78761536
78797518
78806718
78813504
78822090
78822210
78828302
78845776
78848236
78848624
78877696
78884442
78886776
78892510
78895526
78897420
78930700
78967692
78983828
78990936
78991736
79004686
79069150
79109494
79115422
79128816
79149214
79158218
79162248
79176174
79196614
79210406
79230054
79234322
79241512
79256256
79295208
79323518
79332412
79373492
79377150
79415400
79471908
79501054
79508348
79513250
79526832
79528360
79554984
79563048
79599850
79628418
79652562
79671428
79693910
79738800
79743006
79777052
79787150
79787928
79801664
79809448
79842742
79860506
79866896
79866908
79938910
79997652
80010700
80049464
80055772
80069930
80085108
80085808
80094238
80097460
80116770
80119682
80123090
80131620
80138676
80143330
80157440
80161476
80166812
80198764
80200920
80201898
80204088
80204980
80206898
80206964
80207970
80208124
80232174
80238332
80240364
80261662
80265210
80268246
80283858
80286048
80309978
80310026
80312994
80340608
80450306
80476698
80492080
80496168
80500408
80505774
80507256
80537118
80544984
80551726
80590688
80598594
80641596
80680968
80686962
80688290
80748618
80750998
80760590
80761272
80773850
80781414
80826278
80836706
80851610
80853658
80855198
80855816
80862580
80862756
80937648
80939704
80942322
80945440
80945942
81004834
81009538
81040824
81072328
81082226
81219604
81225370
81225686
81244672
81250338
81250362
81264946
81266548
81278910
81285430
81285674
81288070
81309432
81322756
81332082
81351232
81358876
81366568
81383058
81390694
81404344
81424794
81448964
81450002
81462656
81471940
81476322
81478728
81483818
81489634
81490372
81494118
81496776
81503542
81508622
81515948
81519852
81528926
81545666
81555258
81576676
81580136
81581400
81588806
81599174
81602722
81624084
81626292
81631390
81648742
81669748
81670062
81670838
81672740
81685146
81688000
81775406
81780464
81783094
81790444
81799218
81803176
81835438
81837550
81877838
81878146
81888872
81897090
81903218
81912238
81912508
81958616
81997772
81999478
82015014
82031798
82034416
82054952
82059844
82066866
82092708
82117314
82131844
82151330
82152410
82171570
82181208
82187720
82226794
82241588
82263470
82268510
82294608
82295948
82326550
82328258
82349292
82352676
82371172
82419888
82422990
82443450
82464238
82465810
82469200
82475134
82489438
82492814
82504684
82509320
82534042
82542576
82542764
82552982
82571690
82592450
82597128
82623284
82642564
82647774
82650206
82665052
82670366
82676102
82682010
82687622
82711356
82722824
82730468
82738718
82744724
82761026
82772668
82799546
82801898
82804658
82828214
82832020
82840496
82858908
82868652
82894440
82905384
82919580
82931902
82963664
82963968
82970334
82985156
82988628
82991516
82992112
82993346
83032324
83068490
83079602
83079826
83086436
83099862
83100870
83107536
83117676
83121942
83141946
83143386
83167430
83169456
83171706
83208104
83234388
83245514
83250416
83295006
83317024
83329982
83332954
83336638
83336924
83353606
83368276
83413506
83429732
83433108
83454288
83498918
83514488
83525092
83534656
83541468
83557590
83578312
83611328
83629326
83651900
83654760
83662788
83688346
83690494
83707924
83726378
83745348
83770252
83782518
83785304
83787486
83792642
83817826
83824198
83828426
83833746
83839662
83857946
83863034
83872152
83882516
83908700
83918980
83947226
83959792
83995026
84002526
84004564
84007604
84045632
84063494
84073824
84094412
84102506
84108396
84114090
84115854
84122010
84141048
84142450
84165528
84174956
84195504
84200662
84202870
84212372
84224126
84226488
84249172
84256362
84256832
84263576
84277326
84302994
84323018
84333934
84344128
84372148
84379746
84381756
84387500
84408362
84475270
84477002
84483344
84499342
84516768
84540006
84544498
84550206
84567138
84569702
84574392
84581626
84587548
84589612
84590114
84593294
84596054
84596852
84599700
84600964
84603690
84619560
84631524
84639660
84644112
84662638
84686182
84698820
84728854
84742994
84744752
84747056
84751324
84761896
84800628
84810830
84837714
84844090
84845804
84890940
84917162
84956254
84956652
84979888
84980540
84986850
84987078
84987494
84987520
84992296
85015426
85016750
85029794
85043290
85058450
85060354
85070686
85084710
85088204
85103584
85112466
85187810
85191316
85192622
85208820
85209096
85228958
85229190
85238642
85249068
85249138
85249464
85250362
85256186
85258594
85262916
85264350
85268756
85271650
85272524
85289954
85293652
85322884
85322940
85324366
85324376
85327210
85329722
85330988
85333848
85335062
85350988
85376166
85381230
85394064
85429486
85435476
85452906
85456724
85472662
85486002
85495328
85497862
85500120
85501608
85504796
85508304
85510638
85510846
85537222
85539074
85565618
85570236
85578354
85581464
85590014
85600370
85615754
85629582
85655424
85656302
85675592
85689162
85689528
85710362
85719640
85725440
85727014
85765622
85772344
85790314
85802890
85811856
85812088
85818124
85818150
85818222
85818226
85822928
85835060
85835440
85837234
85838456
85842210
85861396
85925138
85939610
85939890
85940662
85952564
85957972
85967042
85967382
85986200
85993522
85998298
86020848
86026242
86029482
86033922
86036072
86037126
86039266
86039574
86058530
86083702
86083918
86108942
86115358
86119344
86123920
86144532
86167594
86174108
86191710
86198217
86199259
86201694
86208319
86224037
86226286
86244215
86249068
86250143
86258527
86268367
86276124
86292678
86300140
86302586
86304442
86305502
86305639
86307583
86308098
86309404
86319825
86323015
86325917
86331357
86342295
86349933
86350304
86367253
86370873
86371426
86385140
86394819
86397346
86397535
86419580
86424324
86425566
86434218
86439728
86442476
86448053
86458556
86466873
86471607
86471612
86471681
86471776
86471884
86471903
86471998
86472021
86473634
86477715
86478346
86481604
86483161
86493143
86495042
86500486
86501302
86503284
86506203
86510284
86513820
86521730
86531565
86535068
86536178
86536347
86543799
86545167
86565359
86569965
86574107
86574704
86577036
86585207
86587889
86588011
86593244
86599315
86601193
86603263
86604313
86609336
86612299
86618508
86619760
86627006
86636300
86644921
86660351
86668814
86671949
86676263
86680836
86683824
86688544
86690152
86691020
86691726
86696012
86696567
86698937
86707146
86709002
86715690
86722447
86722506
86723953
86728033
86738339
86746526
86746528
86746555
86746565
86746609
86746656
86746795
86746861
86747175
86747301
86750225
86750276
86750302
86750357
86750361
86750396
86750520
86750523
86750684
86750699
86754273
86754275
86754293
86754303
86754317
86754326
86754501
86754667
86755610
86758920
86760150
86765386
86770001
86772904
86772939
86776229
86792565
86810510
86816535
86828589
86828687
86833427
86837217
86851752
86852788
86856418
86857253
86861918
86864358
86872352
86874366
86884016
86886483
86887359
86889158
86898287
86899577
86901243
86910987
86911381
86911902
86912347
86918051
86928870
86932210
86934428
86936925
86941617
86948766
86955610
86968388
86969887
86979845
86987471
86994476
86998085
87000421
87001363
87002615
87003053
87008356
87011036
87013323
87013609
87013712
87018129
87020322
87027865
87031126
87035855
87050713
87051051
87063732
87065101
87068770
87070993
87074045
87085884
87086980
87089594
87092437
87095232
87101605
87107280
87107647
87108096
87108221
87118263
87122125
87123215
87124284
87124964
87125264
87129680
87130234
87132748
87134823
87137700
87139214
87140777
87143169
87144647
87153793
87154271
87161424
87162310
87169461
87174916
87176578
87186305
87186968
87187011
87187352
87191014
87205313
87209082
87211407
87214258
87217245
87226108
87226215
87227191
87228282
87229341
87237275
87239625
87245956
87253543
87254939
87258571
87258886
87263532
87266129
87273772
87292060
87292371
87292828
87296451
87298091
87302017
87302398
87302432
87319642
87327327
87332416
87334391
87336344
87338501
87338539
87338556
87338662
87340107
87340293
87342303
87342400
87344313
87347049
87349097
87357599
87361220
87371853
87373333
87374928
87376783
87381103
87382797
87385757
87385869
87385909
87386063
87386899
87397006
87404912
87410702
87418933
87419199
87419405
87421844
87422813
87430870
87431013
87431498
87437890
87441210
87444482
87444706
87445252
87472160
87475959
87489238
87495087
87496243
87500271
87507055
87528305
87529071
87534220
87547558
87547617
87547980
87550257
87551697
87552103
87552749
87560430
87570217
87574542
87574553
87578537
87589833
87603165
87604964
87606614
87606886
87624504
87630569
87633178
87633210
87634445
87640128
87641075
87642876
87642941
87645618
87649932
87651958
87653902
87661020
87669682
87675070
87675368
87675978
87682226
87684303
87690243
87693495
87700242
87700361
87701814
87705638
87708959
87709467
87710981
87711649
87715303
87721865
87725097
87727956
87730785
87737281
87737537
87743860
87745421
87746299
87746363
87752184
87754829
87756789
87757710
87758307
87760741
87763179
87771657
87772171
87777153
87778534
87780217
87784086
87787532
87796226
87797457
87799315
87803716
87804052
87804207
87804491
87806240
87811037
87812512
87814972
87827480
87830118
87833632
87834354
87854149
87854882
87859265
87859626
87872925
87886643
87890997
87891982
87895015
87899161
87904589
87907522
87909219
87911059
87914592
87916310
87918350
87918851
87921618
87939624
87943805
87946470
87947918
87962605
87962760
87968165
87975625
87980585
87990121
87992007
87993199
87993806
87995624
87995932
87996320
87996348
87999643
88000379
88002316
88003998
88005385
88005509
88007177
88008147
88008295
88022436
88022713
88022906
88030143
88031355
88031933
88033406
88033671
88039610
88042639
88045545
88051021
88052773
88052951
88055582
88060327
88069682
88075610
88081777
88083820
88084180
88084765
88086610
88090416
88091862
88092036
88101759
88102635
88104178
88104328
88106707
88109878
88111387
88112009
88116019
88119106
88120088
88123851
88123978
88132580
88140477
88141693
88143919
88144784
88145054
88146364
88148288
88157541
88162828
88170300
88170325
88170333
88170372
88175198
88175715
88178280
88183576
88187113
88190066
88190838
88191236
88195016
88195136
88196332
88200679
88201416
88204827
88206227
88207108
88207169
88207315
88208228
88212976
88215570
88216408
88217315
88217469
88217576
88219447
88219851
88224262
88224490
88227731
88234987
88236827
88237592
88242426
88253623
88254650
88258584
88261849
88261877
88262244
88262403
88267636
88274578
88279751
88282452
88287032
88288635
88288657
88292522
88305232
88307369
88315535
88317281
88321034
88328028
88337538
88341131
88345084
88352019
88355350
88379193
88384254
88387136
88389740
88393727
88394167
88396126
88397801
88401234
88402028
88402407
88402657
88403401
88403499
88415131
88416750
88421929
88449369
88449934
88456534
88466776
88467030
88467877
88477519
88486929
88491381
88492208
88495275
88496978
88497732
88501312
88502010
88507948
88508385
88525190
88544238
88544559
88544567
88544609
88544669
88547864
88548003
88551295
88553200
88559730
88559814
88567962
88583896
88584657
88585609
88590924
88591048
88593689
88596343
88597394
88598188
88600787
88603963
88605447
88606522
88607184
88614717
88615666
88616140
88617542
88617723
88618985
88619076
88621978
88622892
88627841
88631204
88634592
88640213
88644219
88645020
88652341
88660437
88669483
88669522
88670937
88671032
88671681
88671774
88680887
88681941
88683642
88684976
88689005
88689512
88690763
88691821
88693605
88695941
88698756
88698999
88699291
88701643
88703215
88703379
88704450
88705020
88709382
88709756
88709957
88724705
88725955
88730994
88732379
88734990
88737153
88744241
88748338
88748378
88748695
88749376
88749912
88750602
88759532
88763875
88767922
88768559
88777578
88779196
88779320
88780415
88788710
88789638
88814930
88816259
88821212
88822326
88824393
88826555
88829490
88830012
88842305
88843575
88847358
88851168
88851306
88852550
88853122
88866263
88872472
88872623
88873813
88881895
88886179
88888936
88889483
88890436
88891024
88895723
88895999
88896874
88902313
88918937
88918950
88919642
88921858
88923579
88926890
88941950
88942912
88944016
88947158
88947174
88947277
88949168
88949707
88952607
88954429
88955284
88955466
88960519
88962942
88963882
88963940
88963951
88966476
88968674
88968957
88968990
88971519
88971580
88973669
88997837
89005476
89007006
89007706
89009120
89011450
89018244
89027867
89030172
89032240
89038279
89039743
89064751
89072427
89072449
89072584
89072992
89073908
89073925
89074128
89078255
89078256
89078287
89080106
89080107
89080289
89080299
89080615
89081521
89083275
89083415
89084516
89086877
89088608
89092947
89096613
89101543
89102513
89103837
89104344
89106707
89109344
89110345
89112291
89113588
89114345
89117310
89117364
89117637
89117721
89118177
89118653
89118909
89122653
89124772
89124879
89125039
89125431
89127748
89128874
89136613
89149482
89151286
89154815
89164407
89170763
89172065
89178711
89181012
89183821
89190418
89190504
89193052
89196215
89198231
89198463
89198502
89199138
89199338
89199362
89199364
89201272
89207342
89208711
89213660
89215565
89216070
89219574
89221152
89222352
89225047
89230152
89233805
89239915
89253026
89258181
89270590
89277732
89280358
89288223
89290133
89291818
89305726
89306037
89317411
89319616
89325493
89328418
89332003
89334763
89340455
89348322
89350502
89350622
89351369
89352655
89354961
89370498
89372239
89380177
89381240
89387216
89387380
89389212
89389230
89395400
89398644
89403879
89404726
89405659
89411538
89414951
89418583
89426766
89427901
89428497
89440128
89441354
89441729
89442661
89444095
89444758
89449581
89453359
89457986
89458254
89461557
89471874
89474491
89478040
89479023
89485142
89485292
89487965
89499351
89502956
89509977
89510288
89510493
89510683
89511083
89511430
89514764
89515268
89515610
89518257
89518287
89518416
89521247
89524528
89527446
89527963
89528187
89540693
89544020
89547163
89551633
89560322
89560453
89560534
89567954
89573455
89580242
89581573
89582479
89582587
89583801
89585382
89586399
89587552
89592607
89594021
89600956
89601326
89603244
89605027
89605203
89606915
89610083
89613036
89623029
89623044
89635175
89636784
89637287
89638122
89643921
89652054
89658469
89658522
89660223
89660625
89661397
89662570
89663072
89664075
89664123
89666044
89668264
89670437
89671657
89672861
89677260
89682314
89688579
89690168
89690334
89690563
89690632
89690662
89690746
89690923
89690938
89690971
89692393
89703490
89707965
89710853
89713748
89713947
89717707
89721094
89722853
89722905
89724459
89728700
89730959
89732595
89734046
89734941
89735087
89736645
89738289
89740604
89749842
89752035
89752993
89755126
89762529
89765696
89766631
89768495
89769076
89772972
89776760
89777384
89777404
89781983
89784264
89784389
89784499
89785409
89786819
89789733
89791275
89791465
89792852
89794401
89794928
89797136
89802075
89802763
89803670
89807853
89811193
89811205
89813099
89814314
89819433
89820449
89820617
89820632
89820692
89821410
89821423
89821490
89821508
89821511
89821513
89821517
89821520
89821540
89822328
89822487
89822517
89822518
89822622
89822630
89822706
89823078
89825526
89825860
89826949
89827089
89827397
89827897
89827910
89828509
89828528
89829880
89835827
89848055
89848668
89854576
89855242
89859140
89859196
89859208
89859223
89859755
89859783
89861827
89862037
89862578
89862664
89862735
89862867
89865646
89866257
89868085
89868773
89871941
89872176
89875501
89875528
89875877
89877242
89878611
89881456
89881531
89882504
89882860
89883005
89883378
89884076
89886378
89887375
89888832
89892017
89895275
89895628
89897543
89899388
89900266
89901592
89908337
89909039
89921157
89921798
89924440
89925372
89928783
89933092
89935601
89937391
89941203
89941993
89945300
89945963
89948479
89950375
89953041
89953162
89954070
89959384
89961431
89962123
89967494
89969506
89969823
89975999
89983407
89987195
89987832
89992335
89994827
89998129
89998618
89999112
89999484
90002945
90003960
90011125
90012113
90013939
90014788
90016144
90017960
90019072
90026929
90027725
90033356
90038198
90040012
90043949
90046693
90052407
90055903
90060362
90061007
90061324
90063379
90064025
90074267
90076673
90078349
90081101
90082848
90084535
90087300
90090820
90092512
90093933
90095475
90096168
90100300
90101364
90102708
90103673
90105255
90105426
90107021
90107559
90111524
90113609
90118647
90119300
90125749
90127699
90131884
90131936
90131950
90131955
90133821
90134068
90134207
90134569
90134668
90135272
90135830
90138557
90139161
90139172
90140812
90140978
90143480
90146401
90146740
90146790
90146954
90147188
90147608
90148527
90158373
90158399
90165801
90167562
90171343
90181244
90185315
90186420
90187276
90193119
90197094
90198128
90199052
90199700
90200788
90205140
90207597
90209065
90213353
90218334
90219908
90220334
90221640
90223020
90223988
90226658
90227429
90233103
90234822
90237062
90237607
90237626
90238140
90239054
90239436
90241252
90241522
90241570
90241810
90247227
90247414
90247732
90247756
90253553
90255367
90257161
90260816
90265211
90267865
90272038
90272763
90287254
90287378
90288032
90291896
90292288
90292564
90293981
90294120
90296864
90302634
90303258
90304949
90309025
90316500
90318825
90319032
90321409
90324193
90326760
90327299
90330170
90331733
90331790
90334461
90339511
90339561
90356257
90360925
90364280
90367450
90367908
90369242
90375154
90378635
90379059
90383625
90385565
90388462
90389240
90389584
90391462
90394996
90398078
90400506
90401063
90401968
90405401
90409089
90415625
90425328
90432564
90436623
90436953
90436995
90437496
90439850
90441168
90442790
90443633
90445531
90455961
90456902
90460817
90465381
90472026
90476143
90479930
90484154
90484588
90485421
90486327
90492976
90495031
90496795
90498242
90498377
90506471
90508983
90509728
90516437
90516450
90528871
90530163
90532061
90536269
90537080
90537410
90538910
90546046
90557286
90557796
90558387
90561473
90561580
90561627
90561643
90567683
90572829
90576292
90583958
90586091
90590797
90597645
90601280
90605363
90616210
90616568
90616744
90623212
90625745
90631699
90642913
90644938
90647573
90647641
90648248
90649080
90651978
90652279
90653369
90657548
90663625
90664916
90665553
90666079
90668693
90680286
90689044
90691750
90693810
90700122
90710405
90714222
90716264
90726138
90727031
90738293
90740262
90744368
90745278
90748486
90749491
90752044
90752547
90753916
90760246
90760278
90761429
90771607
90774370
90780026
90780456
90780644
90787861
90788241
90790849
90799018
90813865
90816059
90816534
90817760
90825595
90826834
90827400
90827698
90829105
90829184
90831120
90831677
90840837
90849666
90850203
90857796
90860692
90863534
90867237
90868565
90872226
90873234
90874881
90877684
90879679
90880702
90884566
90884587
90887069
90887615
90888323
90893344
90895950
90899166
90900040
90901124
90905715
90909896
90914125
90916913
90919448
90919543
90921468
90923093
90928234
90932072
90932326
90936628
90939493
90942533
90946451
90946699
90947992
90949605
90951096
90953608
90955259
90960012
90960130
90960366
90961902
90963577
90965857
90967638
90968052
90974124
90974665
90977054
90977373
90979930
90987866
91002648
91003849
91003929
91004670
91006655
91007576
91007612
91009140
91012014
91013894
91017962
91018131
91020557
91021561
91021918
91024041
91024096
91031195
91034839
91035559
91035594
91036000
91037390
91037960
91038353
91038885
91039860
91041788
91042332
91046644
91046655
91049731
91049867
91050636
91051834
91055055
91057020
91065327
91066627
91068625
91068707
91070657
91071915
91072096
91072938
91079880
91081158
91081161
91084482
91086171
91088046
91091676
91092132
91094972
91097350
91097396
91100072
91101445
91101574
91105380
91105538
91105661
91112818
91114255
91117405
91118867
91120040
91120400
91120776
91121015
91121508
91122086
91122142
91122372
91122573
91122928
91123498
91124937
91125065
91127748
91130967
91133022
91134016
91136348
91136477
91139920
91146099
91146372
91146623
91158380
91162091
91163864
91164213
91166199
91170833
91170856
91172070
91176374
91176642
91181661
91184207
91185090
91185351
91186209
91186219
91187691
91188234
91188270
91188521
91188759
91190157
91196305
91196383
91199921
91205906
91207020
91207085
91209325
91209484
91215072
91215634
91218048
91221295
91223225
91228378
91228630
91230141
91230703
91237468
91237739
91237879
91242410
91245555
91245976
91246177
91248033
91248312
91249906
91251855
91253409
91255207
91255760
91256037
91258116
91260210
91261530
91261554
91262052
91264510
91266411
91267840
91270276
91271977
91272292
91274937
91276453
91276880
91276892
91277174
91279954
91280284
91281951
91286963
91290097
91302104
91303510
91304225
91304529
91306956
91309509
91309872
91311156
91312972
91317337
91319312
91319816
91320897
91322540
91324900
91328411
91330644
91331340
91331917
91339257
91348928
91349752
91350533
91351360
91352174
91352421
91359663
91362528
91370811
91371538
91371769
91372145
91377354
91378562
91381652
91385355
91389267
91390211
91391535
91396424
91397910
91408282
91408656
91420502
91425029
91425045
91425053
91425060
91425112
91425623
91427557
91429330
91429808
91430353
91430500
91430518
91430867
91431798
91431974
91432730
91432774
91434583
91436082
91437569
91439127
91440758
91441467
91441777
91442135
91442347
91442359
91443132
91443268
91446386
91448450
91448523
91452498
91454637
91457977
91459542
91464461
91464467
91464539
91465806
91469020
91472523
91475559
91477880
91481375
91483045
91483362
91483887
91483946
91484058
91484389
91484636
91484647
91484856
91485823
91487213
91488022
91488360
91488664
91488817
91492334
91494677
91495350
91499136
91503905
91506025
91506079
91506341
91506445
91506787
91507084
91507182
91508776
91512314
91516426
91518135
91521569
91522990
91524998
91530013
91533823
91536937
91540877
91541025
91541282
91545674
91548627
91549321
91549753
91551476
91553253
91553943
91554913
91555125
91555628
91555669
91555849
91556012
91556046
91556438
91559754
91560145
91560636
91564504
91570923
91571399
91572385
91572489
91575537
91576461
91579559
91580875
91582300
91586656
91587714
91589805
91590234
91591827
91592025
91598638
91600654
91602864
91604086
91606071
91607133
91607353
91609802
91610001
91613097
91616683
91617318
91619989
91621442
91622243
91623113
91624933
91631499
91631983
91632742
91635641
91636447
91636613
91639440
91641258
91643147
91643512
91647016
91652097
91654001
91654091
91655987
91656466
91656578
91656844
91662693
91667757
91670540
91673967
91674509
91674522
91674924
91675208
91676789
91680998
91683415
91683772
91690063
91692260
91694309
91696945
91699123
91701479
91706238
91707193
91713357
91714751
91715278
91716835
91716945
91720337
91725073
91727970
91728585
91728898
91729585
91735426
91736369
91738326
91740568
91740695
91743411
91744200
91744875
91745115
91746704
91746930
91748186
91748932
91754600
91754832
91757557
91757609
91759375
91759713
91761286
91762101
91762483
91764978
91765168
91766465
91768330
91769156
91769970
91770734
91770975
91771200
91771261
91771266
91771962
91772994
91776032
91777420
91777619
91780149
91783288
91785020
91786395
91787181
91788462
91794175
91794181
91794701
91796667
91797850
91801804
91804083
91804108
91807120
91808221
91809188
91810662
91811632
91815568
91819907
91821560
91822483
91822756
91824853
91827561
91827866
91828628
91831266
91832930
91832953
91834041
91839102
91845769
91848964
91849891
91857700
91858925
91865283
91866628
91866913
91867369
91869712
91872145
91872255
91873319
91874247
91876344
91877241
91880434
91881348
91881377
91882198
91883015
91885322
91886676
91887181
91888371
91890906
91890969
91892701
91893320
91898996
91901521
91902942
91906313
91909533
91912182
91912963
91917175
91920684
91921198
91921247
91921420
91921468
91922536
91922973
91924516
91924596
91924849
91925327
91925793
91926407
91929124
91929611
91930181
91930258
91933363
91935558
91936467
91936963
91938624
91945811
91947759
91950863
91954038
91954329
91956677
91958713
91959356
91959359
91960713
91963241
91964231
91964336
91965140
91967059
91967980
91969076
91970377
91972038
91973554
91974783
91975827
91978655
91979323
91981777
91982271
91984842
91985578
91989417
91990942
91992496
91993451
91993771
91995446
91996977
91996990
91997199
91997688
91998270
92002565
92004867
92005996
92006042
92008254
92008527
92009063
92009915
92012826
92013062
92015688
92016714
92018659
92021477
92026706
92030080
92030141
92030981
92031229
92031776
92032076
92033981
92034305
92037735
92039167
92040726
92041096
92041501
92042445
92044487
92049254
92049362
92049923
92055253
92058839
92061233
92061773
92062124
92064582
92068382
92077416
92085129
92088180
92092309
92092958
92093403
92093492
92093941
92094064
92094673
92094961
92095348
92098076
92100431
92108871
92112415
92113725
92114349
92114407
92117559
92117871
92118604
92120448
92121723
92121898
92122121
92122528
92123879
92124930
92126142
92131976
92132459
92133259
92133770
92134129
92134992
92136534
92143565
92144506
92146383
92148077
92148150
92152393
92153055
92155472
92156591
92165012
92167115
92167725
92171396
92172914
92174960
92180006
92181964
92184802
92185336
92186378
92187725
92188527
92188963
92189923
92191424
92191574
92203100
92204560
92205187
92206207
92208582
92210238
92211251
92213356
92214124
92215313
92216764
92217592
92222273
92226080
92227656
92228062
92231950
92233001
92233952
92237290
92238111
92242522
92246630
92250245
92250537
92251441
92256629
92258134
92260820
92261328
92265602
92266614
92267464
92268461
92270716
92276343
92281386
92281692
92281693
92283220
92286575
92287981
92289288
92289489
92289520
92289551
92289772
92289868
92289966
92290136
92291186
92291351
92292931
92295202
92295204
92295408
92295442
92295840
92295988
92296057
92298012
92301215
92305556
92307077
92310374
92313775
92318173
92324367
92325405
92327287
92327742
92327815
92331794
92332784
92334344
92335050
92336514
92337694
92340332
92342886
92343703
92344207
92345829
92346335
92346647
92348257
92350526
92351480
92353342
92353556
92355583
92357113
92362246
92363501
92366852
92366859
92368930
92369429
92370335
92373901
92377634
92378072
92378662
92380411
92381965
92382087
92384552
92387198
92389684
92393991
92394634
92394723
92395282
92395950
92396282
92397314
92397975
92398918
92399275
92399547
92399864
92400662
92401467
92405329
92406404
92407288
92408101
92408724
92412118
92412762
92414165
92416587
92418236
92419182
92419826
92419934
92420761
92421338
92421557
92422361
92425241
92426999
92430273
92433190
92434356
92438385
92439429
92442416
92442425
92442983
92443328
92444125
92445035
92446445
92449407
92450140
92450154
92450712
92453403
92453409
92453659
92453915
92457329
92460442
92460493
92460728
92466239
92468257
92469084
92476043
92477101
92479314
92479948
92480213
92486250
92489966
92490787
92496537
92496578
92496711
92497120
92499876
92500525
92508175
92508266
92513916
92514674
92517124
92519350
92519996
92523666
92525000
92526347
92528288
92529120
92533022
92533263
92535731
92537877
92539821
92539827
92539834
92539848
92539933
92539965
92540037
92540138
92541008
92541011
92541017
92541022
92541040
92541048
92541049
92541054
92541057
92541058
92541061
92541065
92541190
92541360
92541410
92542260
92542376
92542386
92542387
92542397
92542410
92542415
92542419
92542424
92542506
92542597
92542677
92543813
92548523
92558831
92562344
92563557
92563793
92565566
92568415
92570855
92572675
92572859
92574421
92576207
92582339
92587006
92589277
92590999
92594067
92594236
92595615
92596072
92598036
92601374
92602358
92603435
92604980
92609326
92609675
92611027
92612824
92614065
92615663
92615740
92621058
92622258
92622322
92623281
92627077
92629047
92629482
92630817
92633258
92645498
92645629
92647086
92647522
92648002
92650487
92650565
92653724
92654061
92655979
92658591
92659125
92661780
92662464
92663064
92665608
92667104
92667364
92676742
92680864
92681708
92685679
92687946
92688879
92690647
92692915
92693265
92696402
92698262
92699188
92699735
92699812
92700216
92701127
92704015
92708332
92708568
92709284
92710779
92714386
92720125
92725687
92726200
92736526
92737395
92737985
92738205
92738293
92739088
92739241
92739260
92740063
92741703
92743134
92744486
92744697
92746384
92747412
92747863
92748429
92748669
92748756
92748870
92749023
92750533
92757345
92760689
92761678
92762285
92763025
92766836
92767576
92768355
92769518
92771802
92772279
92772407
92772565
92776525
92779699
92783529
92783756
92784862
92786590
92795923
92797012
92799216
92800853
92801016
92802109
92802194
92802955
92804543
92810535
92814479
92815725
92816565
92817302
92824316
92824903
92826385
92832133
92835365
92835948
92836146
92836554
92837185
92837828
92837884
92839280
92839353
92839464
92842447
92844644
92845694
92848154
92853010
92853186
92860067
92860679
92861231
92862308
92862432
92862540
92863564
92864391
92865417
92870144
92871238
92871909
92874479
92874881
92877866
92879184
92879442
92881958
92883484
92883698
92883855
92887103
92890494
92891183
92894631
92896428
92896937
92897420
92898562
92899708
92905650
92907677
92910199
92914257
92914747
92917005
92917377
92918498
92918576
92922059
92923167
92923577
92929172
92930506
92933761
92935301
92935485
92939650
92946246
92947446
92947539
92948746
92950152
92953221
92953724
92954480
92955586
92956126
92957107
92957441
92958217
92964174
92966052
92966540
92966855
92967879
92968079
92969044
92972046
92974524
92975264
92977206
92977899
92980433
92983106
92983902
92984633
92984817
92984864
92985246
92985639
92987283
92987479
92992922
92993637
92993825
92993898
92994450
92996407
92996414
92996683
92998753
93002643
93005018
93005863
93006293
93007855
93008535
93011166
93012702
93014836
93015791
93015902
93016956
93017384
93019219
93019319
93019871
93020651
93021943
93023125
93025060
93025813
93026451
93032024
93033899
93035824
93035965
93036081
93038567
93040479
93040975
93041678
93043496
93043661
93043907
93045620
93045671
93047540
93047549
93048600
93048970
93049135
93049347
93049351
93050619
93053662
93053791
93055296
93056496
93058205
93059854
93060129
93064307
93065803
93070546
93072329
93073162
93073825
93075836
93078389
93078831
93079322
93079692
93080522
93080787
93081512
93083608
93085672
93086247
93086643
93087025
93087065
93087164
93087167
93087175
93087177
93087201
93087214
93087229
93087376
93087416
93087425
93087525
93087563
93087581
93087595
93087603
93087641
93087709
93087757
93087766
93087825
93087841
93087989
93088693
93090140
93091107
93091534
93093693
93094973
93098867
93099415
93099960
93101658
93102782
93102950
93105283
93105510
93106729
93106833
93107104
93107458
93111047
93112145
93112506
93112601
93113380
93113429
93113430
93113438
93113448
93113454
93113480
93113500
93113504
93113508
93113515
93113529
93113533
93113536
93113549
93113562
93113572
93113590
93113672
93113821
93113835
93113914
93113984
93114604
93115523
93116391
93116702
93117964
93118885
93119469
93119535
93119767
93120104
93121450
93122519
93122540
93123183
93123194
93124669
93125782
93126593
93126745
93128502
93128599
93128710
93129201
93129900
93130426
93131438
93131920
93132307
93132679
93133331
93133853
93134283
93134492
93134844
93135251
93135306
93136511
93136932
93137365
93137567
93137635
93137898
93139051
93142905
93142971
93143167
93143340
93148743
93149904
93150058
93150099
93151627
93154305
93154587
93156228
93157958
93158351
93165690
93165783
93168050
93168676
93168821
93169027
93169285
93170744
93172242
93177481
93177995
93179222
93180336
93183585
93184326
93184358
93184807
93185197
93186589
93189338
93189546
93190325
93191714
93191984
93192408
93193720
93193730
93194533
93194545
93194580
93196044
93196078
93196490
93196633
93198484
93198757
93198924
93198942
93199029
93199037
93199054
93199224
93199335
93199499
93200001
93200519
93201221
93202564
93202923
93202956
93203631
93204458
93205026
93205548
93206089
93206279
93207129
93210273
93210332
93212534
93213046
93213093
93218535
93219855
93220153
93220839
93222304
93222626
93222660
93224696
93224709
93224759
93224764
93224767
93224772
93224774
93224775
93224781
93224784
93224786
93224800
93224805
93224859
93224891
93227673
93228380
93229040
93232250
93233617
93235138
93235302
93237459
93240330
93241037
93241285
93242269
93243904
93244437
93245399
93245937
93247186
93248349
93252745
93254231
93262961
93263273
93263910
93268107
93271863
93271912
93272849
93272861
93272881
93272939
93273008
93273340
93274476
93275281
93275972
93277078
93279173
93281705
93281821
93282114
93284012
93284549
93285252
93285297
93285607
93285628
93285682
93286146
93287423
93288063
93288261
93288508
93288716
93289275
93289360
93290677
93291540
93291628
93292350
93293314
93293755
93294919
93295952
93296245
93298268
93299158
93299507
93302202
93302245
93303569
93303581
93303642
93303647
93303655
93303664
93303665
93303723
93303760
93304105
93308779
93312323
93316415
93317273
93317298
93317319
93317551
93317644
93317854
93318859
93320119
93321250
93322498
93327507
93327769
93329679
93330009
93330078
93330137
93330211
93330320
93331451
93331652
93333256
93333261
93335101
93336010
93339271
93340983
93341221
93346559
93346896
93347156
93350485
93353147
93355990
93356039
93357579
93359408
93359437
93359752
93360236
93360914
93361056
93363616
93364259
93366564
93367369
93367842
93368865
93370048
93370207
93370234
93370563
93371436
93371779
93374466
93375140
93379389
93380562
93381352
93381547
93381588
93381627
93381999
93383116
93384081
93384197
93385258
93385551
93387836
93389906
93392941
93394024
93394371
93394889
93395374
93395605
93396613
93396996
93399859
93400295
93401619
93402329
93402713
93406052
93407057
93409128
93409519
93409932
93409984
93410060
93410310
93410483
93410675
93410933
93411895
93415120
93415243
93415648
93416538
93418043
93418049
93418157
93418190
93420485
93421228
93421666
93421819
93427524
93428589
93430992
93431612
93431837
93432384
93432503
93432973
93433034
93433731
93437658
93439492
93441410
93442737
93443018
93443932
93443964
93444229
93445566
93446260
93448060
93448728
93450338
93451656
93451747
93451929
93452276
93452626
93453493
93453615
93453862
93454468
93454501
93454694
93455862
93456595
93456929
93458225
93459408
93460187
93460240
93460243
93460313
93460349
93460436
93460561
93460858
93460906
93460968
93462897
93463823
93464095
93465195
93465920
93466029
93466438
93467849
93468467
93468621
93468654
93468673
93469584
93470002
93470833
93472564
93473022
93474911
93475867
93475964
93476096
93476270
93477040
93477312
93478626
93479052
93480795
93481199
93481460
93483717
93487665
93488383
93488536
93489260
93489594
93490327
93490756
93490965
93491744
93496596
93497722
93500165
93500459
93501892
93502603
93504072
93504786
93504802
93505180
93506260
93507115
93508819
93508864
93511071
93512372
93512986
93515096
93515311
93515808
93517010
93518410
93519772
93520466
93521291
93521832
93521834
93524985
93525207
93528801
93529450
93529843
93533046
93533052
93533665
93533876
93534135
93534806
93535795
93535818
93535926
93538106
93538592
93540670
93541534
93541887
93542288
93542676
93543400
93543526
93544489
93547013
93548413
93550031
93552574
93552986
93555232
93558549
93561532
93561540
93561892
93562239
93563579
93564783
93566584
93568439
93569946
93571502
93577112
93577407
93578804
93580870
93581677
93583277
93583471
93584388
93588936
93592856
93594375
93594429
93595172
93597907
93602294
93602500
93605895
93606893
93607121
93607253
93607428
93607854
93609109
93609117
93609340
93610825
93613449
93614787
93616815
93618164
93618394
93618748
93618926
93620282
93623078
93623276
93624118
93626082
93626109
93626903
93627945
93630022
93632749
93633546
93635359
93635916
93635990
93636000
93636221
93636334
93641676
93642294
93642430
93645281
93645332
93645381
93645399
93645491
93645528
93646368
93647591
93648025
93648197
93648310
93648720
93649153
93649383
93649646
93650708
93650779
93651006
93651057
93651483
93652461
93652650
93652686
93652970
93653946
93654100
93654142
93654434
93655328
93655411
93655575
93656111
93656244
93656423
93656970
93658584
93658720
93658750
93658774
93659588
93659725
93660462
93661403
93661448
93661574
93661745
93663030
93663588
93664055
93665396
93665508
93666910
93667833
93671758
93673298
93673803
93674829
93674969
93676505
93676518
93676579
93676978
93677044
93677265
93677321
93677641
93677818
93677974
93678161
93678173
93678368
93678457
93678712
93680054
93681458
93681512
93681757
93682931
93684368
93684824
93684882
93684964
93685042
93685288
93685314
93685321
93685400
93685402
93685794
93686006
93686225
93686517
93687462
93690055
93691408
93691791
93692109
93692767
93692948
93693762
93694526
93694569
93695296
93695338
93697082
93698402
93698508
93699790
93699938
93700477
93702720
93702721
93702723
93702724
93702725
93702734
93702742
93702749
93702758
93702766
93702792
93702840
93702861
93703056
93703071
93703346
93703523
93703723
93703731
93704407
93710262
93710492
93710528
93713176
93714694
93714762
93715331
93715612
93715918
93716024
93716390
93716935
93717347
93717418
93717616
93717810
93719188
93719202
93719347
93720843
93721763
93722872
93722915
93723547
93724859
93725675
93725699
93726938
93727041
93728825
93729966
93729986
93730358
93730479
93730499
93730559
93730594
93730786
93730796
93730915
93730963
93731745
93732025
93732411
93732472
93732623
93732807
93733110
93733274
93733954
93734026
93734380
93736392
93736595
93736636
93736677
93736687
93736742
93738058
93739228
93740564
93740582
93742591
93744716
93745605
93745978
93746209
93746797
93746842
93746910
93747877
93748503
93749528
93749734
93750004
93752994
93753025
93753118
93753296
93753628
93753735
93754098
93754116
93754206
93755069
93755280
93755336
93755356
93755851
93755984
93755993
93756020
93756800
93757625
93757717
93758197
93758460
93758462
93759655
93761548
93762767
93763967
93771171
93772503
93775053
93777027
93778151
93778700
93779241
93779285
93779422
93779465
93779593
93780035
93780544
93781219
93782054
93784570
93784574
93784579
93784659
93786302
93786322
93786468
93786486
93786558
93786615
93787017
93787305
93787567
93790041
93790062
93790101
93790159
93790369
93790780
93790844
93791058
93791081
93791312
93791994
93793551
93795155
93795549
93795768
93795797
93796145
93796152
93797702
93797832
93797904
93797932
93798072
93798138
93798204
93798867
93799882
93799902
93801385
93801406
93802098
93802219
93802566
93803132
93803443
93803571
93803701
93804046
93804054
93804070
93805022
93805489
93805962
93805985
93806075
93807011
93807414
93807465
93807651
93808019
93808785
93811171
93811428
93812108
93812341
93812468
93813331
93814402
93814863
93819613
93821120
93823492
93825717
93827275
93827288
93830047
93832297
93832851
93832978
93835902
93836844
93837161
93838749
93838862
93839487
93840851
93840861
93841257
93842129
93842638
93843091
93843495
93844421
93845117
93846448
93846734
93846790
93848641
93849075
93850017
93850087
93851302
93852813
93854556
93855424
93855884
93856351
93857859
93858349
93861325
93861430
93861553
93861981
93862185
93862369
93863251
93863506
93865023
93865041
93865338
93865719
93865795
93865976
93866380
93866492
93867244
93867749
93868903
93869740
93872399
93874659
93875137
93876017
93877046
93877445
93877822
93878345
93879002
93880245
93880654
93880982
93881083
93882258
93889089
93889998
93890535
93890732
93891613
93892113
93892654
93894544
93894563
93895928
93896082
93896448
93896577
93897063
93897557
93897913
93898930
93899879
93901956
93903039
93905548
93908561
93909482
93910623
93910819
93913927
93914227
93914451
93916875
93919712
93919792
93922619
93923248
93923708
93923861
93924054
93925071
93925301
93925348
93925474
93925933
93925982
93926011
93926016
93927171
93927724
93927774
93927933
93928621
93929232
93929262
93929679
93930036
93930053
93930241
93930289
93930366
93930396
93930433
93930656
93931159
93931184
93931222
93931250
93931306
93931339
93931608
93932171
93932665
93932916
93933389
93933580
93933601
93933660
93934360
93934815
93936016
93936726
93937793
93937803
93938176
93940846
93942785
93943359
93943817
93944104
93945382
93947455
93947493
93947529
93948164
93948776
93949043
93950276
93950281
93953911
93954114
93954210
93954959
93954984
93955472
93958405
93960034
93960497
93961104
93961716
93962879
93963005
93963066
93963537
93964469
93964871
93964937
93965693
93965902
93967897
93968736
93969758
93972077
93972328
93973382
93973823
93973955
93974261
93975829
93975921
93976634
93977303
93978764
93979263
93980380
93981643
93981812
93982086
93984898
93986015
93986589
93986986
93986991
93987075
93987513
93989775
93989952
93990105
93991157
93991437
93991667
93992233
93992783
93994442
93996322
93996328
93997644
93998168
93998654
93998693
93999387
94000944
94002723
94004637
94005432
94005798
94006682
94007790
94009169
94009331
94009620
94009824
94010224
94011149
94011248
94012237
94013430
94013601
94013641
94016499
94016774
94017193
94017494
94019209
94019510
94021020
94021050
94022221
94026138
94029018
94029092
94032118
94033235
94034881
94034937
94035244
94035331
94035469
94035742
94036565
94039068
94039350
94040504
94040773
94041206
94041806
94041893
94042217
94043295
94043680
94044686
94046340
94046828
94048228
94048330
94048364
94048593
94048677
94048898
94049662
94051156
94052618
94056756
94057292
94057744
94060111
94060473
94060699
94060776
94061189
94061574
94061793
94061838
94062256
94063304
94065058
94068247
94069041
94070581
94070716
94072065
94072471
94074070
94077481
94077828
94077902
94077929
94078516
94078600
94080702
94080889
94080903
94082277
94082278
94082410
94082465
94082479
94082981
94083063
94083075
94083394
94083397
94083411
94083441
94083724
94084029
94084457
94085314
94086151
94086344
94086392
94088419
94088903
94088962
94089097
94089166
94089467
94091713
94092169
94092486
94092613
94092902
94093255
94093584
94093903
94095856
94096746
94098369
94099560
94100221
94100538
94100679
94101024
94101196
94101804
94104189
94105766
94106423
94106881
94107381
94107553
94107632
94107723
94107790
94107810
94109522
94110887
94111363
94113754
94114080
94114912
94114917
94116622
94116736
94116805
94117288
94117898
94118172
94118325
94118666
94120755
94121156
94121501
94122684
94123076
94124142
94124832
94126339
94127096
94127186
94128474
94129362
94130911
94131179
94133783
94134010
94137309
94139244
94139279
94140254
94140997
94141099
94141129
94141180
94142069
94142158
94142285
94142342
94142841
94142900
94143301
94143524
94143833
94144129
94144176
94144284
94144290
94146746
94147330
94147451
94148032
94148593
94149264
94151783
94152670
94153446
94156263
94157137
94157619
94157704
94159069
94159898
94162106
94163656
94165374
94167216
94167934
94168054
94169626
94171185
94171544
94174287
94174401
94174690
94176829
94177219
94179032
94179496
94182313
94182913
94183126
94183506
94183547
94184514
94184638
94189772
94193170
94193711
94194633
94194813
94195336
94197730
94198175
94198682
94198721
94201827
94202478
94202524
94202971
94203554
94203639
94203701
94205138
94205393
94207245
94208191
94208798
94209245
94210259
94211282
94211290
94213681
94214236
94214260
94214479
94214638
94218556
94219359
94219418
94219755
94220705
94221166
94224092
94224515
94224863
94224956
94225012
94226417
94227592
94228707
94230159
94231275
94231637
94231683
94232161
94233522
94235683
94236993
94237378
94238246
94238811
94239012
94239112
94239945
94240451
94241665
94242620
94243002
94243413
94243478
94243995
94244964
94245252
94245628
94246270
94247017
94247815
94248212
94248740
94249860
94250880
94252586
94253940
94255998
94256310
94257705
94258118
94258140
94258826
94259389
94259649
94260518
94261511
94261550
94263199
94263204
94263516
94263836
94263967
94264043
94264134
94264239
94264364
94264393
94264722
94264880
94265032
94265235
94266809
94267141
94267374
94267584
94269034
94269081
94269274
94269847
94270210
94271222
94271279
94271441
94271863
94272572
94272924
94273874
94273922
94275954
94276570
94276692
94277553
94277583
94277786
94277962
94278112
94278774
94278829
94278871
94278961
94279039
94279477
94279876
94280799
94281046
94281526
94281672
94281754
94282454
94283206
94283329
94283713
94284494
94284605
94289177
94290496
94291312
94293275
94294206
94294347
94294533
94294566
94294759
94294815
94295052
94295142
94295266
94296553
94297145
94297404
94297668
94297805
94297868
94297922
94298897
94298908
94300759
94300886
94301146
94301284
94301698
94302343
94302408
94302439
94303886
94303915
94304209
94304739
94305208
94306575
94307519
94308075
94308760
94309660
94310819
94311098
94312160
94312298
94312616
94312923
94313936
94317262
94317294
94317702
94319302
94320780
94320863
94321421
94321797
94323863
94323887
94324014
94324084
94324272
94324735
94324950
94326293
94326706
94327875
94328548
94328751
94329250
94330491
94330989
94331125
94331463
94331690
94332183
94332323
94332895
94333190
94333759
94333829
94334291
94334953
94335373
94336264
94338475
94339289
94339983
94340716
94341145
94341748
94342043
94342050
94342201
94344915
94344964
94344986
94345461
94345796
94346665
94346852
94347081
94348287
94348316
94348759
94349834
94349918
94358474
94359941
94360637
94361275
94361507
94363024
94365018
94365304
94367095
94367123
94367198
94367848
94368172
94368366
94368818
94371188
94372575
94375363
94375796
94375902
94376759
94377853
94378559
94378944
94381474
94382371
94383670
94383785
94385297
94386010
94386400
94387739
94388641
94389093
94389597
94390399
94392186
94394101
94396147
94399013
94399543
94399804
94401996
94405078
94406703
94407072
94408514
94408567
94409584
94411562
94411742
94412806
94412816
94413641
94414232
94414560
94418587
94419746
94421951
94422063
94422578
94422593
94423432
94423769
94425003
94427323
94427837
94428386
94428883
94429345
94430618
94432696
94434627
94436872
94437667
94437750
94438183
94438553
94439916
94440017
94440550
94440853
94441262
94441489
94441762
94442298
94443153
94443175
94443286
94444351
94445274
94446669
94446758
94446846
94447005
94447787
94447880
94450794
94451543
94451748
94451837
94453848
94454221
94454690
94455035
94455112
94455401
94456488
94459280
94459833
94460226
94460384
94460413
94462415
94462736
94463402
94463449
94463779
94466085
94466298
94466690
94467041
94467111
94467400
94467575
94468678
94471456
94472837
94479108
94479691
94484274
94484354
94484930
94489359
94490088
94490990
94491220
94491806
94491977
94492045
94492050
94492059
94492398
94492593
94492845
94493266
94493366
94493407
94493414
94493500
94493763
94493803
94493821
94494687
94494762
94494902
94494951
94495402
94495517
94495585
94495594
94495702
94496600
94496711
94497116
94497921
94499684
94499889
94499908
94500134
94500458
94500515
94500543
94500644
94500785
94501226
94501293
94501567
94501618
94501718
94502023
94502219
94502329
94503020
94503228
94503488
94503573
94504287
94504365
94504379
94504437
94504443
94504464
94504484
94506766
94506775
94507047
94507137
94507422
94507440
94507656
94507678
94507780
94508750
94508850
94508918
94509377
94509664
94510341
94511485
94511637
94511847
94512791
94513533
94513539
94513568
94513571
94513701
94513719
94513861
94513959
94514322
94514324
94514468
94515188
94516921
94517018
94517078
94517121
94517828
94517975
94518817
94519846
94520148
94520170
94520425
94520626
94522528
94522597
94522815
94523094
94525554
94526476
94526644
94526904
94527036
94527171
94527803
94527818
94527982
94528159
94528186
94528189
94528228
94528232
94528237
94528238
94528239
94528277
94528331
94528385
94528394
94528655
94528658
94528796
94528857
94529026
94529128
94530491
94531951
94532326
94532551
94532621
94532835
94532927
94533061
94533086
94533136
94533205
94533226
94533400
94533666
94534039
94534042
94534094
94534103
94534203
94534258
94534589
94534648
94535083
94535456
94535656
94536172
94536826
94537024
94537641
94537866
94538159
94538337
94538798
94538944
94539005
94539011
94539328
94539372
94539418
94539655
94539833
94540484
94540490
94541272
94541479
94541801
94542633
94544616
94545365
94545470
94545776
94545952
94546308
94546422
94547040
94548160
94548224
94549279
94550348
94550527
94551810
94554259
94554333
94560479
94561093
94561614
94562285
94562525
94563049
94563310
94563671
94564509
94564569
94564625
94564725
94565633
94566070
94566868
94567571
94568352
94568357
94569057
94569111
94570194
94572166
94572508
94573037
94573811
94574294
94574912
94574997
94575104
94575163
94575355
94575409
94575552
94575822
94576068
94576415
94576754
94576911
94577074
94578741
94580133
94580839
94582435
94582781
94583376
94584420
94585490
94587619
94588827
94589125
94590389
94591458
94591713
94591718
94591722
94591729
94592008
94592684
94592896
94592916
94592919
94592920
94592923
94592927
94593085
94593165
94593395
94593519
94593672
94594205
94594479
94594593
94594720
94594794
94595519
94596066
94596852
94597239
94597263
94597718
94597911
94598395
94599029
94599305
94599865
94599866
94600651
94600869
94601157
94601184
94601185
94601232
94601246
94601476
94601712
94601771
94601869
94602164
94602212
94603035
94603048
94603051
94603061
94603066
94603078
94603362
94603574
94603601
94603613
94603616
94603620
94603976
94604278
94604393
94604422
94604484
94604581
94604868
94605097
94605545
94606168
94606179
94606559
94606584
94606778
94607233
94607244
94607359
94608082
94609460
94609557
94609593
94610235
94611002
94611382
94611445
94611565
94611641
94611911
94612332
94612442
94612443
94612458
94612464
94612470
94612488
94612492
94612704
94613032
94613231
94613721
94614880
94614942
94615410
94615440
94615513
94616026
94616114
94616117
94616187
94616676
94617266
94617382
94617393
94617470
94617569
94617655
94617665
94618222
94618598
94618923
94619298
94619853
94620030
94620067
94620142
94620428
94620488
94620521
94620713
94620833
94621016
94621401
94621754
94621896
94622118
94622175
94622740
94623274
94623498
94623815
94623939
94624352
94624543
94624976
94625213
94625324
94625777
94625883
94625993
94626498
94627039
94627414
94627805
94628739
94628756
94629003
94630228
94631295
94631585
94631676
94631972
94632234
94632331
94634397
94634764
94635506
94637158
94637922
94638596
94639144
94639244
94640869
94641117
94641579
94642186
94642216
94642433
94643240
94643258
94643577
94643651
94643724
94643739
94644278
94644301
94644536
94644933
94645608
94645720
94646389
94646606
94646729
94647032
94647095
94647183
94647241
94647334
94647547
94647642
94647646
94647679
94647802
94649008
94649847
94650156
94650309
94650639
94650899
94651519
94652357
94654924
94655103
94655573
94655695
94655764
94655807
94655891
94656348
94656931
94658620
94658637
94659554
94659595
94659624
94659652
94659957
94660228
94660413
94660605
94660653
94661412
94662023
94662057
94662097
94662233
94662547
94662868
94663118
94663398
94663417
94663638
94663757
94663761
94663974
94664060
94664883
94665077
94665271
94665371
94665464
94666203
94666827
94667769
94668836
94669065
94669080
94669668
94670109
94670527
94670904
94671355
94672173
94672480
94673033
94674623
94675267
94675537
94675893
94675994
94677057
94679690
94680578
94681344
94681454
94681752
94682242
94683771
94683813
94683952
94686226
94687211
94687980
94687984
94689926
94690782
94692085
94693749
94695914
94698754
94699048
94699881
94700310
94701483
94702728
94702907
94702941
94703800
94703997
94704722
94705367
94706389
94707440
94708592
94710091
94710149
94710177
94711614
94711916
94712648
94712794
94712815
94714561
94717160
94717543
94719424
94719624
94719626
94720271
94721624
94722333
94722967
94723258
94723973
94724686
94725270
94725510
94726133
94727222
94727257
94727439
94728013
94729405
94729490
94731042
94731669
94733702
94733834
94734114
94734597
94734973
94735203
94735412
94736047
94736256
94739609
94739671
94739698
94741429
94741560
94742013
94742431
94743381
94743565
94743568
94743590
94743641
94743773
94743842
94744345
94744685
94746962
94747454
94747565
94747570
94747733
94747862
94747911
94748202
94748355
94748363
94748382
94748451
94748507
94748514
94748679
94748687
94748875
94749144
94749589
94749614
94749904
94749965
94750149
94750154
94750322
94750607
94750650
94751014
94751652
94752065
94753296
94753962
94754236
94754378
94754508
94754631
94754730
94755034
94755040
94755306
94756498
94756631
94756813
94756986
94757476
94757736
94757808
94758104
94758319
94758543
94758662
94759265
94759688
94759824
94761123
94761129
94761321
94763351
94763545
94764477
94765259
94765960
94768129
94770904
94771038
94772020
94772549
94772666
94773144
94773630
94774123
94774905
94774935
94774992
94775050
94775193
94775223
94775683
94775822
94776507
94777040
94777163
94778849
94780382
94780776
94782694
94783076
94783644
94783719
94783919
94784335
94784636
94785834
94786062
94786324
94786492
94786715
94786755
94786806
94786820
94787008
94787314
94787329
94787505
94788161
94788194
94788887
94789244
94790680
94790908
94791470
94791770
94791899
94793307
94793467
94793748
94794237
94794486
94794753
94794778
94796401
94796417
94796474
94797571
94797807
94802058
94802272
94802420
94802826
94803186
94803436
94803596
94803776
94803883
94804068
94804390
94804992
94805587
94805985
94806361
94806530
94806682
94806759
94807221
94807335
94807661
94807740
94808141
94808219
94808761
94809097
94809486
94809884
94811218
94811460
94811674
94812859
94814178
94814950
94815122
94815152
94815169
94815951
94816927
94817708
94817828
94820187
94820210
94820234
94820731
94820997
94821429
94821691
94822492
94822514
94823557
94823743
94823837
94823851
94824105
94824144
94824304
94824535
94825056
94825673
94825911
94826058
94826357
94826607
94828353
94830131
94830651
94830849
94830972
94830981
94831621
94831947
94832874
94833740
94834426
94835769
94836172
94836195
94836481
94838726
94838797
94838957
94839033
94839088
94840086
94840093
94840151
94840576
94840775
94840826
94842411
94843782
94843872
94844784
94845501
94845649
94846545
94846554
94846730
94846888
94847097
94847311
94847650
94848325
94848593
94848725
94848792
94849576
94849860
94850781
94851233
94851475
94852230
94853457
94853697
94853844
94854282
94855204
94856093
94857727
94859077
94861792
94861818
94866057
94866900
94867338
94867433
94867792
94867846
94867910
94869124
94869779
94869840
94870120
94870228
94870324
94871272
94871718
94871721
94872292
94872698
94875192
94875212
94875286
94875650
94876258
94877510
94877902
94878372
94878484
94878591
94880916
94882400
94883468
94884732
94885119
94885754
94885759
94887524
94887969
94888178
94889868
94890399
94890506
94890593
94890689
94890897
94890901
94890927
94891007
94891199
94891370
94891446
94891703
94891829
94891970
94892456
94892915
94894104
94894398
94894401
94894406
94894412
94894413
94894461
94894535
94895299
94897432
94898031
94899121
94899344
94899465
94899896
94901449
94901451
94901458
94901468
94901473
94901499
94901714
94902108
94902635
94903416
94904794
94904994
94906293
94906350
94906472
94906590
94906739
94906807
94909031
94910639
94911040
94911296
94912224
94912245
94912350
94912798
94912811
94913770
94914029
94914058
94914150
94914283
94915036
94915085
94915166
94915316
94916179
94916297
94917460
94917748
94918249
94918338
94919147
94919554
94919767
94921035
94922542
94922763
94922850
94923224
94923336
94923523
94924855
94924993
94926685
94927051
94927354
94927645
94927680
94927727
94927826
94929154
94929586
94931651
94932453
94932552
94934914
94935411
94937313
94938051
94939984
94940453
94940747
94942135
94943407
94943408
94943437
94943486
94943527
94944232
94944538
94946794
94947644
94948106
94948646
94951173
94951737
94952082
94952696
94954012
94955044
94955904
94956910
94957270
94958486
94958487
94958574
94958616
94959157
94959205
94959528
94960718
94960761
94960772
94961876
94961897
94962180
94962298
94962610
94962995
94963446
94963711
94964156
94964431
94964710
94965322
94965531
94965883
94966969
94967508
94967878
94968104
94968490
94969277
94969725
94969740
94970758
94971230
94971267
94971737
94971916
94972054
94972100
94972397
94972734
94973074
94973245
94973402
94973590
94973904
94973966
94974100
94974491
94975333
94976668
94977944
94978266
94978410
94978421
94979149
94979213
94979637
94979994
94980190
94980855
94983479
94984756
94985575
94986795
94987152
94987160
94987241
94987493
94987933
94988867
94989503
94990243
94991732
94992066
94992407
94992447
94992962
94993065
94994217
94994540
94994646
94995650
94996839
94998131
94998866
95001172
95001229
95001332
95001783
95001835
95002208
95003033
95003453
95004040
95004249
95005175
95005625
95008816
95009162
95010899
95010967
95011024
95011176
95011345
95011529
95011599
95012330
95012338
95012383
95012384
95013568
95013718
95013841
95013923
95013924
95015462
95015547
95015682
95015712
95015872
95016621
95016682
95016784
95016853
95017277
95018017
95018174
95018856
95019470
95019612
95020535
95020581
95020609
95021627
95021746
95021855
95022275
95022351
95022598
95023837
95024592
95024881
95025097
95025299
95025300
95025867
95025966
95026293
95026365
95026544
95027468
95027686
95028147
95032346
95033064
95034154
95034513
95035097
95035487
95035553
95037514
95037598
95038954
95039148
95039184
95039557
95040098
95040574
95040800
95040835
95040977
95041005
95041802
95043309
95043409
95043450
95044191
95044291
95044360
95045560
95046168
95046565
95046863
95047153
95047291
95047898
95048067
95048112
95048301
95048441
95048444
95048745
95048967
95049302
95049482
95049707
95049848
95049988
95050357
95050364
95050784
95051436
95052355
95052435
95052668
95052701
95052877
95053024
95053076
95053117
95053127
95053980
95054922
95055126
95055219
95055320
95056221
95056229
95056294
95056324
95056760
95056796
95056800
95056913
95057076
95057107
95057149
95057287
95057401
95057461
95057574
95057614
95057683
95057810
95058341
95058713
95058715
95058976
95060022
95060391
95060587
95062180
95063091
95063500
95063631
95064211
95064753
95065677
95066824
95067027
95067561
95067602
95067637
95067822
95068397
95069009
95069049
95069078
95069791
95071390
95071826
95071964
95072319
95073303
95073788
95073802
95073817
95073831
95074182
95074226
95074360
95074576
95074769
95075203
95075644
95076082
95076122
95076839
95077526
95078451
95078584
95079556
95080786
95081883
95082012
95083204
95083503
95083771
95084111
95084858
95086295
95087897
95088822
95088885
95090257
95090386
95090923
95090997
95092053
95092597
95092621
95093144
95093191
95093488
95094269
95094828
95096095
95096131
95096632
95097149
95097582
95098880
95099117
95099384
95099968
95101482
95101667
95102999
95103517
95104755
95105710
95106232
95106839
95107197
95107696
95107786
95108503
95111611
95111713
95111779
95112771
95113477
95114082
95114148
95115525
95115899
95116127
95116209
95116266
95116377
95117319
95117351
95117695
95118849
95118963
95119451
95119737
95120188
95120351
95120634
95121877
95121945
95122192
95123480
95124355
95124640
95124784
95125381
95125421
95125701
95126187
95126852
95126978
95127272
95127685
95127747
95127908
95128136
95128220
95130534
95130781
95131686
95131970
95133077
95133486
95133768
95133874
95134526
95135804
95136259
95136419
95136672
95136802
95137229
95137354
95137377
95137912
95138082
95139215
95139408
95140110
95140566
95140613
95140792
95140842
95142369
95142804
95143559
95144238
95144323
95144396
95144811
95146903
95146980
95146981
95147456
95147622
95148275
95148507
95148591
95148799
95149504
95149910
95151498
95151713
95151791
95153291
95153485
95153738
95154007
95154099
95154119
95154704
95156848
95158243
95160283
95161561
95162523
95162584
95165572
95165702
95166125
95166723
95166888
95166988
95167151
95167340
95168372
95168816
95169154
95169438
95172770
95173062
95173154
95173701
95175055
95175758
95176554
95178151
95178603
95179316
95179940
95180776
95181485
95181810
95181852
95184608
95185287
95185374
95186193
95187853
95189222
95190834
95191556
95191658
95194682
95195375
95195955
95196062
95196430
95196888
95196954
95199835
95200086
95200096
95200116
95200456
95201182
95202177
95202261
95203077
95203975
95205506
95205732
95206083
95206747
95207489
95208516
95209574
95209930
95210213
95210288
95210291
95210572
95210782
95212016
95212565
95213012
95213162
95213338
95213535
95213644
95213674
95214414
95215369
95215956
95216074
95216228
95216617
95216847
95220036
95221345
95222864
95222924
95223048
95223130
95223887
95227555
95227702
95228102
95230090
95230847
95232070
95232598
95232992
95233973
95234527
95234642
95236511
95237377
95237712
95237948
95239416
95240731
95242539
95242811
95243549
95243781
95244830
95245507
95245839
95246120
95246181
95246599
95246811
95249226
95250300
95250559
95251370
95251595
95252012
95252335
95252421
95255064
95256040
95256409
95256740
95259704
95263220
95265072
95265135
95265498
95265806
95265983
95266974
95267081
95267477
95268333
95268888
95268934
95270957
95272445
95272525
95272743
95272880
95273106
95274619
95275759
95277065
95278446
95279067
95279144
95279666
95279786
95279995
95280385
95280943
95281159
95282410
95282795
95285075
95285707
95287878
95289363
95289973
95290123
95291340
95292865
95293338
95293612
95293716
95294233
95294660
95294769
95294826
95295098
95295999
95297143
95300079
95301302
95301630
95301741
95301923
95302639
95302826
95304910
95305115
95305264
95306581
95307038
95307306
95307573
95308894
95309704
95310556
95310683
95311161
95313821
95314329
95314395
95315675
95317775
95319327
95319834
95320129
95320700
95320849
95320867
95320963
95322108
95322127
95323173
95325144
95325276
95325457
95325553
95325579
95325596
95325640
95325651
95325666
95325696
95325707
95325718
95325736
95325803
95325887
95325999
95326300
95326352
95326446
95326486
95326692
95326708
95326727
95326787
95326836
95326858
95326913
95326983
95327709
95327790
95327917
95327954
95327991
95328021
95328355
95328501
95328571
95328590
95328603
95328814
95328900
95329176
95329313
95329360
95329367
95329403
95329420
95329874
95329923
95329950
95329962
95329993
95330327
95330427
95330659
95330895
95331116
95331344
95331497
95331788
95331815
95331886
95332362
95332457
95332727
95332743
95333232
95333677
95334284
95334783
95334974
95335017
95335370
95335479
95336227
95336233
95336424
95336446
95336530
95336541
95336594
95336609
95336634
95336661
95336875
95337279
95337315
95337742
95337856
95337862
95337881
95337966
95337978
95338649
95340261
95340554
95340601
95340780
95341403
95343178
95343231
95343251
95343658
95343902
95344027
95344150
95344686
95344820
95344832
95345179
95345404
95345713
95345860
95346223
95346382
95346447
95347070
95347153
95347337
95347447
95347598
95347903
95348047
95348190
95348523
95348557
95348574
95348628
95348719
95348906
95348974
95349034
95349041
95349400
95350241
95350399
95350450
95350464
95350567
95350610
95350940
95350958
95351750
95352924
95352964
95352989
95353029
95353085
95353851
95354717
95354776
95354847
95354909
95354944
95355042
95356206
95357005
95357857
95357906
95358066
95358260
95358405
95358688
95359062
95359374
95359391
95361424
95361852
95362853
95362869
95362871
95363437
95363462
95363650
95363851
95363905
95363953
95363954
95364015
95364297
95364369
95364435
95364626
95364700
95364923
95365084
95365115
95365269
95365597
95365679
95365729
95365764
95365825
95366244
95366339
95366523
95366782
95367421
95367591
95367638
95367719
95367757
95368401
95368507
95368921
95369089
95369674
95369831
95369863
95370136
95370155
95370284
95370396
95370472
95371604
95371639
95371701
95371768
95371871
95371935
95372804
95373221
95373301
95373335
95373338
95373357
95373777
95373880
95373894
95373979
95374574
95374681
95374740
95374942
95374946
95374951
95375513
95375528
95375612
95375629
95375949
95376542
95376790
95376942
95377144
95377390
95377436
95378039
95378136
95378672
95378699
95378706
95379148
95379219
95379310
95379633
95379736
95380018
95380099
95380367
95380427
95380505
95380612
95380674
95380876
95381132
95381553
95381665
95381767
95381864
95382058
95382161
95382273
95382344
95382382
95382499
95382534
95382569
95382806
95382809
95382827
95383130
95383216
95383400
95383471
95383633
95383692
95383833
95384021
95384130
95384213
95384244
95384323
95384465
95384686
95384720
95385015
95385402
95385521
95385582
95385618
95385668
95385909
95386355
95386451
95386533
95386775
95386842
95387031
95387216
95388092
95388123
95388650
95388792
95388983
95389477
95389543
95389802
95389865
95389963
95390442
95390559
95390916
95390926
95390971
95391202
95391233
95391266
95391311
95391713
95392112
95392219
95392497
95393329
95393659
95394491
95394661
95394920
95395133
95395170
95395185
95395298
95395351
95395424
95395479
95395536
95396089
95396299
95396721
95397220
95397885
95397974
95398572
95398606
95398758
95398978
95399102
95399230
95400067
95400475
95402292
95402374
95402875
95403796
95405081
95405117
95405313
95405342
95405766
95408461
95408493
95408498
95408547
95408565
95408634
95409015
95409075
95409374
95409879
95410214
95410319
95410997
95411051
95411592
95412066
95412943
95415107
95415524
95415545
95415879
95415983
95416282
95416417
95416483
95417071
95417255
95417351
95417608
95417966
95418709
95419188
95419214
95420231
95420629
95420735
95421508
95421627
95421664
95421813
95422985
95423382
95423652
95423816
95424914
95425371
95425650
95427439
95427957
95427963
95427965
95428073
95428215
95428327
95428400
95428753
95428863
95429013
95429419
95430135
95430242
95430831
95431095
95432259
95432697
95433609
