98204620
98204620
98204620
98204620
98204620
98204620
98204620
98204620
98204620
98205002
98205002
98205002
98205002
98205002
98205002
98205002
98205002
98205033
98205469
98205469
98206061
98206061
98206061
98206741
98206741
98206741
98206741
98206741
98207549
98207549
98207549
98207983
98207983
98208494
98208494
98208918
98208918
98209533
98209533
98210029
98210029
98210725
98210725
98210725
98210725
98211858
98211858
98211858
98211858
98211858
98212445
98212445
98212669
98212669
98212669
98213200
98213200
98213200
98213972
98214376
98214653
